0.0
3.5
6.4
8.1
9.0
12.9
16.6
20.0
18.1
21.4
24.3
26.9
29.2
31.3
33.3
34.9
36.3
37.6
38.8
40.1
41.2
40.0
41.0
41.7
42.7
43.5
43.2
41.5
42.4
42.8
43.6
44.3
42.1
40.4
36.7
33.8
35.4
34.7
31.8
29.0
30.4
27.7
29.5
26.8
24.3
24.4
22.4
24.9
22.8
20.8
23.3
21.4
19.5
22.2
20.4
18.6
21.3
19.6
22.6
20.5
18.9
21.8
19.9
22.6
20.7
19.1
17.6
20.8
18.9
21.9
20.1
18.3
21.4
19.3
21.9
24.5
27.1
29.4
31.0
32.4
33.8
35.4
36.5
37.7
38.9
40.1
41.2
42.1
43.0
43.8
44.5
44.0
40.8
39.7
38.9
39.6
40.5
41.5
37.8
34.4
31.4
28.6
30.6
27.9
25.3
27.5
25.1
22.8
25.5
23.4
25.9
23.6
21.3
24.0
26.3
28.4
30.3
32.2
34.0
35.6
37.1
38.1
35.3
36.5
37.7
34.4
31.6
28.8
26.6
24.3
22.2
20.7
19.0
17.8
16.7
15.2
14.4
13.7
12.7
12.1
11.2
10.5
10.1
9.4
8.8
8.6
8.1
7.6
7.6
7.1
6.8
6.8
6.8
6.8
6.4
5.8
9.8
13.6
17.3
20.4
23.3
26.0
28.4
30.6
29.7
31.6
29.3
27.1
25.1
22.9
21.3
19.9
18.3
16.7
15.8
14.6
13.9
13.2
12.1
11.6
11.1
10.7
10.0
9.3
9.1
8.5
8.3
8.1
7.6
7.4
7.3
6.9
6.9
6.9
6.5
6.3
6.4
6.0
6.1
5.8
5.6
5.7
5.2
7.8
9.9
12.6
16.2
19.5
22.6
25.3
27.6
29.8
30.1
30.3
32.2
33.4
34.8
36.1
36.3
37.4
38.5
34.7
35.9
36.7
37.7
38.6
39.5
39.9
40.7
41.5
39.9
40.8
41.8
42.4
43.3
44.0
44.7
45.4
45.6
45.7
45.7
45.7
45.9
46.0
44.8
41.7
41.0
39.3
35.8
37.1
37.7
34.1
35.6
32.4
29.5
31.4
28.7
30.6
27.8
25.4
27.7
25.3
27.7
25.2
27.3
25.0
22.8
25.4
23.1
25.6
23.5
21.4
24.2
22.0
24.6
22.5
20.7
21.7
19.9
22.4
20.5
20.9
19.1
17.5
20.7
18.8
21.8
19.6
22.4
25.1
27.0
26.9
28.4
30.1
30.5
30.4
31.7
33.3
34.8
33.6
35.1
36.4
37.7
36.6
37.1
38.3
39.4
37.1
35.9
35.0
33.4
34.5
33.5
34.7
31.7
29.0
26.5
24.2
24.4
22.4
25.0
22.8
20.8
23.5
21.5
24.2
22.1
20.2
23.0
21.0
23.5
21.6
24.3
22.2
20.3
22.9
20.9
23.5
21.3
19.6
20.6
19.0
20.8
18.9
17.4
18.7
17.1
20.3
18.7
21.7
19.9
17.9
20.7
21.9
23.2
23.8
26.4
27.7
29.3
31.0
32.7
34.3
35.6
37.0
38.1
39.2
39.0
38.0
38.8
39.5
40.1
41.0
39.5
36.9
35.7
37.0
38.3
34.9
36.2
33.0
34.5
31.4
28.5
30.4
27.8
29.8
27.2
24.8
24.1
22.0
24.8
22.6
25.3
23.1
21.1
24.0
21.9
24.6
22.4
20.5
23.3
21.2
23.9
21.9
24.6
22.5
20.5
23.3
21.3
23.5
21.5
19.7
20.3
18.6
21.5
19.4
21.0
21.6
23.8
26.1
28.3
30.5
32.5
34.3
35.6
36.7
35.5
36.6
37.7
38.8
40.0
41.0
42.0
42.9
43.7
44.4
44.5
43.2
41.9
42.5
41.0
37.8
39.0
38.6
35.1
36.5
33.1
30.1
32.0
29.0
30.7
28.0
25.6
27.6
25.1
27.1
24.8
26.9
24.6
22.5
23.5
21.5
22.4
20.4
18.7
21.6
19.7
22.5
20.6
18.8
21.8
19.9
22.8
20.8
23.5
21.4
19.4
22.3
20.5
23.3
21.0
23.7
26.3
26.2
28.6
30.6
32.5
32.4
32.6
33.8
35.4
36.1
35.2
36.1
37.2
38.3
37.4
37.4
37.7
38.4
37.6
37.2
38.0
37.6
35.1
36.5
36.3
33.0
29.9
31.6
28.8
30.6
27.9
25.2
27.6
25.2
27.3
24.8
25.2
22.9
21.0
23.6
21.5
24.1
21.9
20.1
22.9
20.9
23.6
21.6
19.9
22.6
20.6
23.3
21.4
22.5
20.5
18.6
21.6
19.7
22.5
25.1
23.0
20.9
23.6
21.3
21.9
23.5
26.0
28.2
30.4
32.4
33.2
34.7
36.3
37.8
39.1
40.3
41.4
42.3
43.2
44.0
44.7
45.1
45.4
45.9
45.1
43.1
42.1
40.8
38.0
39.3
40.0
36.4
37.7
38.8
35.1
34.3
31.3
28.5
30.3
27.6
29.8
27.0
24.7
22.6
20.5
23.4
21.4
24.0
21.9
20.1
23.0
20.9
23.5
21.3
19.6
22.5
