0.0
4.5
7.2
11.6
15.5
14.4
18.0
21.1
23.8
26.3
28.6
30.8
32.6
34.2
33.1
32.1
31.8
29.1
26.9
25.0
22.9
21.4
19.4
18.3
16.9
15.9
14.6
13.4
12.8
11.9
11.3
11.1
10.2
9.9
9.3
9.1
8.9
8.2
8.1
8.0
7.4
7.3
7.3
6.9
6.3
7.5
10.1
10.9
11.4
13.3
16.7
17.7
19.4
21.7
24.1
26.2
28.6
28.2
30.3
32.1
33.9
30.6
31.0
32.5
33.9
35.4
34.3
35.8
37.0
38.2
37.3
37.3
34.3
32.3
29.2
26.7
24.3
22.1
19.9
21.2
24.1
26.2
28.5
28.8
29.3
31.3
32.7
34.5
36.1
37.1
34.3
31.8
33.4
30.4
27.7
25.2
22.8
20.8
19.0
17.4
15.8
14.6
13.4
12.4
11.3
10.4
9.7
9.1
8.5
7.8
7.2
6.9
6.4
5.9
5.5
5.4
5.0
4.7
4.5
4.4
4.2
3.9
3.5
8.1
10.4
14.5
18.1
21.4
24.4
26.7
29.2
31.3
33.2
35.0
31.7
28.9
26.2
24.0
21.7
19.8
18.1
16.7
15.1
14.0
12.9
11.9
11.0
10.1
9.4
8.7
8.2
7.6
7.2
6.6
6.3
5.9
5.6
5.3
5.0
4.7
4.5
4.4
4.2
3.9
3.9
3.9
3.7
3.5
3.5
3.4
3.4
3.2
3.1
3.1
3.1
2.9
3.0
3.1
3.1
3.1
2.9
3.0
3.0
3.1
2.9
2.8
2.9
2.9
2.8
2.7
2.8
2.7
2.6
2.6
2.5
2.6
2.5
2.6
2.6
2.6
2.7
2.6
2.5
2.6
2.6
2.5
2.4
2.6
2.5
2.4
2.4
2.4
2.5
2.4
2.5
2.4
2.6
2.4
2.4
2.5
2.5
2.6
2.4
2.5
2.6
2.6
2.4
2.6
2.5
2.6
2.5
2.6
2.5
2.6
2.5
2.5
2.5
2.6
2.4
6.8
10.8
14.0
16.9
19.6
22.0
24.2
26.1
24.5
22.9
21.6
19.7
18.1
16.4
15.0
13.9
12.8
11.7
10.7
10.0
9.3
8.5
7.9
7.4
6.9
6.4
6.0
5.6
5.4
5.2
4.8
4.7
4.6
4.5
4.2
4.1
4.1
3.9
3.6
3.6
3.5
3.5
3.3
3.3
3.2
3.2
3.1
3.0
2.9
3.0
3.0
2.9
2.8
2.9
2.8
2.6
2.7
2.7
2.6
2.5
2.6
2.5
2.6
2.4
6.6
10.1
13.6
16.9
19.9
21.0
23.7
26.2
24.5
23.6
23.6
21.4
19.5
17.7
16.2
14.9
13.8
12.6
11.5
10.7
9.8
9.2
8.4
7.9
7.3
7.0
6.4
6.1
5.9
5.6
5.2
5.0
4.8
4.5
4.2
4.1
3.9
3.7
3.7
3.5
3.5
3.3
3.4
3.2
3.1
3.1
3.0
2.8
2.8
2.8
2.8
2.6
2.6
2.7
2.8
2.6
2.7
2.6
2.7
2.6
2.7
2.6
2.7
2.4
6.5
10.4
13.7
16.6
19.3
21.7
23.8
25.4
26.1
28.5
30.1
27.2
24.7
22.6
20.7
18.8
17.1
15.8
14.4
13.1
12.1
11.3
10.4
9.6
8.8
8.1
7.7
7.1
6.5
6.2
5.8
5.6
5.1
5.0
4.8
4.6
4.3
4.0
4.0
3.9
3.6
3.5
3.3
3.4
3.4
3.2
3.2
3.2
3.2
3.0
3.0
3.1
3.0
2.8
2.7
2.8
2.9
2.7
2.8
2.7
2.8
2.7
2.8
2.5
7.2
11.6
15.5
18.9
22.0
24.8
26.8
28.9
26.9
25.5
24.3
22.1
20.2
18.5
16.7
15.4
14.2
13.0
11.9
10.9
10.2
9.5
8.7
8.0
7.6
7.2
6.6
6.3
6.0
5.6
5.3
4.9
4.8
4.7
4.3
4.2
4.2
4.1
4.1
3.8
3.6
3.6
3.5
3.3
3.2
3.2
3.2
3.1
3.1
3.0
3.1
2.9
2.9
2.8
2.9
2.7
2.8
2.9
2.9
2.7
2.8
2.7
2.8
2.6
7.0
10.9
14.6
15.4
18.9
22.1
25.0
27.3
26.5
28.8
30.3
27.4
25.1
22.8
20.8
18.9
17.3
15.9
14.5
13.3
12.2
11.2
10.3
9.6
8.8
8.2
7.6
7.2
6.6
6.2
6.0
5.7
5.3
5.0
4.8
4.5
4.2
4.2
4.0
3.9
3.7
3.5
3.5
3.5
3.3
3.3
3.4
3.2
3.0
3.1
3.1
3.2
3.2
3.0
3.1
3.1
3.0
2.9
2.9
2.9
2.9
2.7
2.8
2.6
7.0
8.9
13.1
16.9
20.2
23.2
26.0
28.0
30.0
28.1
26.2
28.6
30.0
27.2
24.8
22.7
20.5
18.8
17.3
15.8
14.3
13.2
12.2
11.2
10.2
9.6
9.0
8.3
7.6
7.2
6.7
6.4
5.9
5.6
5.3
5.1
4.8
4.5
4.4
