0.0
4.3
8.6
12.5
15.9
19.1
17.7
20.7
23.5
26.0
27.7
29.8
31.4
32.8
32.7
33.9
30.5
32.6
34.4
36.0
37.5
38.8
40.0
41.1
42.1
39.5
40.3
40.9
37.7
34.4
31.7
29.2
26.6
24.0
26.1
28.2
30.2
31.9
33.5
34.9
36.1
37.3
38.4
39.6
40.7
41.7
42.5
43.3
40.6
41.5
42.4
39.0
35.5
32.7
30.1
27.5
25.4
23.6
21.5
20.1
18.8
17.3
16.3
15.3
14.1
13.4
12.8
11.8
11.2
10.7
10.0
9.6
9.2
8.6
8.0
8.0
7.2
11.4
15.3
18.7
22.0
24.3
26.7
29.1
28.3
30.1
31.6
28.9
26.8
24.9
22.6
21.1
19.4
18.2
17.0
15.7
14.4
13.3
12.3
11.8
11.0
10.6
9.8
9.3
8.4
12.1
15.5
18.6
21.4
23.9
26.4
28.4
30.2
31.9
30.2
32.2
33.9
31.7
28.9
26.7
24.7
22.5
21.0
19.5
17.8
16.7
15.6
14.4
13.5
12.8
11.8
11.4
10.8
10.0
9.6
9.2
8.8
8.1
8.1
7.5
7.5
7.0
6.6
6.7
6.4
6.5
6.2
6.3
6.4
6.4
5.9
6.1
5.9
6.0
6.1
5.9
5.6
5.3
5.2
4.7
9.1
13.3
16.6
19.7
22.5
25.1
27.3
28.7
30.8
32.6
29.6
26.9
24.9
22.8
21.2
19.8
18.2
17.1
16.1
14.8
14.0
12.9
12.0
11.6
10.8
10.4
9.7
9.1
8.9
8.7
8.2
8.1
7.6
7.2
7.2
7.2
6.7
6.8
6.5
6.5
6.6
6.2
6.3
6.1
6.2
5.8
5.7
5.9
5.7
5.8
5.9
5.6
5.8
5.9
5.6
5.6
5.6
5.3
5.1
5.3
5.2
5.4
5.6
5.1
9.1
13.0
16.6
20.0
22.6
25.2
27.7
26.5
25.3
27.4
25.5
23.4
21.4
19.8
18.1
16.7
15.8
14.4
13.5
12.8
11.7
11.3
10.6
10.3
10.0
9.3
8.9
8.7
8.1
7.9
7.7
7.2
7.0
6.5
6.2
6.4
6.1
6.2
6.3
5.9
6.0
6.1
5.7
5.9
6.1
5.8
5.9
5.8
5.6
5.7
5.7
5.3
5.6
5.8
5.6
5.7
5.5
5.4
5.3
5.0
5.2
5.5
5.2
4.7
8.4
11.8
15.4
18.6
21.5
23.9
26.1
24.5
25.2
27.2
25.3
23.0
21.5
19.8
18.4
17.0
15.6
14.8
13.9
12.8
12.1
11.6
10.7
10.4
9.8
9.1
8.7
8.5
7.9
7.5
7.5
7.0
7.0
6.7
6.2
6.3
6.1
6.3
6.0
5.7
5.9
5.7
5.4
5.3
5.5
5.3
5.3
5.3
5.0
4.9
5.1
5.1
4.9
5.0
4.9
4.8
4.9
5.0
4.8
5.0
5.2
4.9
4.7
4.3
8.4
12.0
15.9
18.9
21.9
24.3
26.5
25.2
27.3
29.0
27.3
25.3
23.2
21.1
19.4
17.8
16.7
15.4
14.6
13.8
12.6
12.1
11.1
10.4
10.2
9.9
9.2
9.0
8.6
8.0
8.0
7.6
7.1
6.8
6.9
6.9
6.4
6.5
6.3
6.4
6.1
5.9
6.0
6.0
5.7
5.8
6.0
5.7
5.4
5.3
5.5
5.2
5.1
5.4
5.2
5.4
5.6
5.2
5.5
5.7
5.3
5.5
5.3
4.8
9.1
13.1
16.9
20.1
22.7
25.0
27.2
27.6
29.4
31.5
29.5
26.8
24.9
22.8
21.3
19.8
18.1
17.0
15.7
14.9
14.1
13.0
12.2
11.6
10.8
10.0
9.7
9.1
8.5
8.0
8.0
7.6
7.4
7.3
7.3
6.8
6.8
6.7
6.3
5.9
5.8
5.9
5.6
5.4
5.7
5.5
5.2
5.5
5.3
5.5
5.7
5.5
5.6
5.8
5.5
5.3
5.0
5.3
5.4
5.1
4.9
4.8
5.0
4.6
8.7
12.1
15.3
18.1
20.7
23.1
25.5
24.0
26.3
28.6
26.4
24.0
22.4
20.8
19.5
17.7
16.7
15.4
14.2
13.2
12.6
11.6
10.8
10.0
9.7
9.5
8.9
8.3
7.9
7.8
7.6
7.0
7.1
6.6
6.7
6.8
6.1
10.4
14.4
17.2
20.1
23.1
25.5
28.2
30.5
32.1
33.9
35.6
37.2
34.5
36.1
32.9
30.3
27.6
25.3
23.4
21.4
19.7
18.5
17.0
15.9
14.9
13.6
13.0
12.1
11.0
14.8
18.5
21.7
24.4
26.6
28.9
30.9
32.5
30.5
32.4
29.5
27.2
25.2
23.1
21.5
19.6
18.1
17.0
15.7
14.8
14.0
13.2
12.1
11.6
11.0
10.1
9.7
9.2
8.5
8.4
7.8
7.8
7.4
7.4
6.9
6.6
6.7
6.7
6.3
6.4
6.2
6.3
6.3
5.9
6.1
5.9
6.1
6.2
5.9
5.9
5.8
5.4
