0.0
4.3
8.6
12.5
15.9
19.1
17.7
20.7
23.5
26.0
27.7
29.8
31.4
32.8
32.7
33.9
30.5
32.6
34.4
36.0
37.5
38.8
40.0
41.1
42.1
39.5
40.3
40.9
37.7
34.4
31.7
29.2
26.6
24.0
26.1
28.2
30.2
31.9
33.5
34.9
36.1
37.3
38.4
39.6
40.7
41.7
42.5
43.3
40.6
41.5
42.4
39.0
35.5
32.7
30.1
27.5
25.4
23.6
21.5
20.1
18.8
17.3
16.3
15.3
14.1
13.4
12.8
11.8
11.2
10.7
10.0
9.6
9.2
8.6
8.0
8.0
7.2
11.4
15.3
18.7
22.0
24.3
26.7
29.1
28.3
30.1
31.6
28.9
26.8
24.9
22.6
21.1
19.4
18.2
17.0
15.7
14.4
13.3
12.3
11.8
11.0
10.6
9.8
9.3
8.4
12.1
15.5
18.6
21.4
23.9
26.4
28.4
30.2
31.9
30.2
32.2
33.9
31.7
28.9
26.7
24.7
22.5
21.0
19.5
17.8
16.7
15.6
14.4
13.5
12.8
11.8
11.4
10.8
10.0
9.6
9.2
8.8
8.1
8.1
7.5
7.5
7.0
6.6
6.7
6.4
6.5
6.2
6.3
6.4
6.4
5.9
6.1
5.9
6.0
6.1
5.9
5.6
5.3
5.2
4.7
9.1
13.3
16.6
19.7
22.5
25.1
27.3
28.7
30.8
32.6
29.6
26.9
24.9
22.8
21.2
19.8
18.2
17.1
16.1
14.8
14.0
12.9
12.0
11.6
10.8
10.4
9.7
9.1
8.9
8.7
8.2
8.1
7.6
7.2
7.2
7.2
6.7
6.8
6.5
6.5
6.6
6.2
6.3
6.1
6.2
5.8
5.7
5.9
5.7
5.8
5.9
5.6
5.8
5.9
5.6
5.6
5.6
5.3
5.1
5.3
5.2
5.4
5.6
5.1
9.1
13.0
16.6
20.0
22.6
25.2
27.7
26.5
25.3
27.4
25.5
23.4
21.4
19.8
18.1
16.7
15.8
14.4
13.5
12.8
11.7
11.3
10.6
10.3
10.0
9.3
8.9
8.7
8.1
7.9
7.7
7.2
7.0
6.5
6.2
6.4
6.1
6.2
6.3
5.9
6.0
6.1
5.7
5.9
6.1
5.8
5.9
5.8
5.6
5.7
5.7
5.3
5.6
5.8
5.6
5.7
5.5
5.4
5.3
5.0
5.2
5.5
5.2
4.7
8.4
11.8
15.4
18.6
21.5
23.9
26.1
24.5
25.2
27.2
25.3
23.0
21.5
19.8
18.4
17.0
15.6
14.8
13.9
12.8
12.1
11.6
10.7
10.4
9.8
9.1
8.7
8.5
7.9
7.5
7.5
7.0
7.0
6.7
6.2
6.3
6.1
6.3
6.0
5.7
5.9
5.7
5.4
5.3
5.5
5.3
5.3
5.3
5.0
4.9
5.1
5.1
4.9
5.0
4.9
4.8
4.9
5.0
4.8
5.0
5.2
4.9
4.7
4.3
8.4
12.0
15.9
18.9
21.9
24.3
26.5
25.2
27.3
29.0
27.3
25.3
23.2
21.1
19.4
17.8
16.7
15.4
14.6
13.8
12.6
12.1
11.1
10.4
10.2
9.9
9.2
9.0
8.6
8.0
8.0
7.6
7.1
6.8
6.9
6.9
6.4
6.5
6.3
6.4
6.1
5.9
6.0
6.0
5.7
5.8
6.0
5.7
5.4
5.3
5.5
5.2
5.1
5.4
5.2
5.4
5.6
5.2
5.5
5.7
5.3
5.5
5.3
4.8
9.1
13.1
16.9
20.1
22.7
25.0
27.2
27.6
29.4
31.5
29.5
26.8
24.9
22.8
21.3
19.8
18.1
17.0
15.7
14.9
14.1
13.0
12.2
11.6
10.8
10.0
9.7
9.1
8.5
8.0
8.0
7.6
7.4
7.3
7.3
6.8
6.8
6.7
6.3
5.9
5.8
5.9
5.6
5.4
5.7
5.5
5.2
5.5
5.3
5.5
5.7
5.5
5.6
5.8
5.5
5.3
5.0
5.3
5.4
5.1
4.9
4.8
5.0
4.6
8.7
12.1
15.3
18.1
20.7
23.1
25.5
24.0
26.3
28.6
26.4
24.0
22.4
20.8
19.5
17.7
16.7
15.4
14.2
13.2
12.6
11.6
10.8
10.0
9.7
9.5
8.9
8.3
7.9
7.8
7.6
7.0
7.1
6.6
6.7
6.8
6.1
10.4
14.4
17.2
20.1
23.1
25.5
28.2
30.5
32.1
33.9
35.6
37.2
34.5
36.1
32.9
30.3
27.6
25.3
23.4
21.4
19.7
18.5
17.0
15.9
14.9
13.6
13.0
12.1
11.0
14.8
18.5
21.7
24.4
26.6
28.9
30.9
32.5
30.5
32.4
29.5
27.2
25.2
23.1
21.5
19.6
18.1
17.0
15.7
14.8
14.0
13.2
12.1
11.6
11.0
10.1
9.7
9.2
8.5
8.4
7.8
7.8
7.4
7.4
6.9
6.6
6.7
6.7
6.3
6.4
6.2
6.3
6.3
5.9
6.1
5.9
6.1
6.2
5.9
5.9
5.8
5.4
0.0
4.5
7.2
11.6
15.5
14.4
18.0
21.1
23.8
26.3
28.6
30.8
32.6
34.2
33.1
32.1
31.8
29.1
26.9
25.0
22.9
21.4
19.4
18.3
16.9
15.9
14.6
13.4
12.8
11.9
11.3
11.1
10.2
9.9
9.3
9.1
8.9
8.2
8.1
8.0
7.4
7.3
7.3
6.9
6.3
7.5
10.1
10.9
11.4
13.3
16.7
17.7
19.4
21.7
24.1
26.2
28.6
28.2
30.3
32.1
33.9
30.6
31.0
32.5
33.9
35.4
34.3
35.8
37.0
38.2
37.3
37.3
34.3
32.3
29.2
26.7
24.3
22.1
19.9
21.2
24.1
26.2
28.5
28.8
29.3
31.3
32.7
34.5
36.1
37.1
34.3
31.8
33.4
30.4
27.7
25.2
22.8
20.8
19.0
17.4
15.8
14.6
13.4
12.4
11.3
10.4
9.7
9.1
8.5
7.8
7.2
6.9
6.4
5.9
5.5
5.4
5.0
4.7
4.5
4.4
4.2
3.9
3.5
8.1
10.4
14.5
18.1
21.4
24.4
26.7
29.2
31.3
33.2
35.0
31.7
28.9
26.2
24.0
21.7
19.8
18.1
16.7
15.1
14.0
12.9
11.9
11.0
10.1
9.4
8.7
8.2
7.6
7.2
6.6
6.3
5.9
5.6
5.3
5.0
4.7
4.5
4.4
4.2
3.9
3.9
3.9
3.7
3.5
3.5
3.4
3.4
3.2
3.1
3.1
3.1
2.9
3.0
3.1
3.1
3.1
2.9
3.0
3.0
3.1
2.9
2.8
2.9
2.9
2.8
2.7
2.8
2.7
2.6
2.6
2.5
2.6
2.5
2.6
2.6
2.6
2.7
2.6
2.5
2.6
2.6
2.5
2.4
2.6
2.5
2.4
2.4
2.4
2.5
2.4
2.5
2.4
2.6
2.4
2.4
2.5
2.5
2.6
2.4
2.5
2.6
2.6
2.4
2.6
2.5
2.6
2.5
2.6
2.5
2.6
2.5
2.5
2.5
2.6
2.4
6.8
10.8
14.0
16.9
19.6
22.0
24.2
26.1
24.5
22.9
21.6
19.7
18.1
16.4
15.0
13.9
12.8
11.7
10.7
10.0
9.3
8.5
7.9
7.4
6.9
6.4
6.0
5.6
5.4
5.2
4.8
4.7
4.6
4.5
4.2
4.1
4.1
3.9
3.6
3.6
3.5
3.5
3.3
3.3
3.2
3.2
3.1
3.0
2.9
3.0
3.0
2.9
2.8
2.9
2.8
2.6
2.7
2.7
2.6
2.5
2.6
2.5
2.6
2.4
6.6
10.1
13.6
16.9
19.9
21.0
23.7
26.2
24.5
23.6
23.6
21.4
19.5
17.7
16.2
14.9
13.8
12.6
11.5
10.7
9.8
9.2
8.4
7.9
7.3
7.0
6.4
6.1
5.9
5.6
5.2
5.0
4.8
4.5
4.2
4.1
3.9
3.7
3.7
3.5
3.5
3.3
3.4
3.2
3.1
3.1
3.0
2.8
2.8
2.8
2.8
2.6
2.6
2.7
2.8
2.6
2.7
2.6
2.7
2.6
2.7
2.6
2.7
2.4
6.5
10.4
13.7
16.6
19.3
21.7
23.8
25.4
26.1
28.5
30.1
27.2
24.7
22.6
20.7
18.8
17.1
15.8
14.4
13.1
12.1
11.3
10.4
9.6
8.8
8.1
7.7
7.1
6.5
6.2
5.8
5.6
5.1
5.0
4.8
4.6
4.3
4.0
4.0
3.9
3.6
3.5
3.3
3.4
3.4
3.2
3.2
3.2
3.2
3.0
3.0
3.1
3.0
2.8
2.7
2.8
2.9
2.7
2.8
2.7
2.8
2.7
2.8
2.5
7.2
11.6
15.5
18.9
22.0
24.8
26.8
28.9
26.9
25.5
24.3
22.1
20.2
18.5
16.7
15.4
14.2
13.0
11.9
10.9
10.2
9.5
8.7
8.0
7.6
7.2
6.6
6.3
6.0
5.6
5.3
4.9
4.8
4.7
4.3
4.2
4.2
4.1
4.1
3.8
3.6
3.6
3.5
3.3
3.2
3.2
3.2
3.1
3.1
3.0
3.1
2.9
2.9
2.8
2.9
2.7
2.8
2.9
2.9
2.7
2.8
2.7
2.8
2.6
7.0
10.9
14.6
15.4
18.9
22.1
25.0
27.3
26.5
28.8
30.3
27.4
25.1
22.8
20.8
18.9
17.3
15.9
14.5
13.3
12.2
11.2
10.3
9.6
8.8
8.2
7.6
7.2
6.6
6.2
6.0
5.7
5.3
5.0
4.8
4.5
4.2
4.2
4.0
3.9
3.7
3.5
3.5
3.5
3.3
3.3
3.4
3.2
3.0
3.1
3.1
3.2
3.2
3.0
3.1
3.1
3.0
2.9
2.9
2.9
2.9
2.7
2.8
2.6
7.0
8.9
13.1
16.9
20.2
23.2
26.0
28.0
30.0
28.1
26.2
28.6
30.0
27.2
24.8
22.7
20.5
18.8
17.3
15.8
14.3
13.2
12.2
11.2
10.2
9.6
9.0
8.3
7.6
7.2
6.7
6.4
5.9
5.6
5.3
5.1
4.8
4.5
4.4
0.0
3.5
6.4
8.1
9.0
12.9
16.6
20.0
18.1
21.4
24.3
26.9
29.2
31.3
33.3
34.9
36.3
37.6
38.8
40.1
41.2
40.0
41.0
41.7
42.7
43.5
43.2
41.5
42.4
42.8
43.6
44.3
42.1
40.4
36.7
33.8
35.4
34.7
31.8
29.0
30.4
27.7
29.5
26.8
24.3
24.4
22.4
24.9
22.8
20.8
23.3
21.4
19.5
22.2
20.4
18.6
21.3
19.6
22.6
20.5
18.9
21.8
19.9
22.6
20.7
19.1
17.6
20.8
18.9
21.9
20.1
18.3
21.4
19.3
21.9
24.5
27.1
29.4
31.0
32.4
33.8
35.4
36.5
37.7
38.9
40.1
41.2
42.1
43.0
43.8
44.5
44.0
40.8
39.7
38.9
39.6
40.5
41.5
37.8
34.4
31.4
28.6
30.6
27.9
25.3
27.5
25.1
22.8
25.5
23.4
25.9
23.6
21.3
24.0
26.3
28.4
30.3
32.2
34.0
35.6
37.1
38.1
35.3
36.5
37.7
34.4
31.6
28.8
26.6
24.3
22.2
20.7
19.0
17.8
16.7
15.2
14.4
13.7
12.7
12.1
11.2
10.5
10.1
9.4
8.8
8.6
8.1
7.6
7.6
7.1
6.8
6.8
6.8
6.8
6.4
5.8
9.8
13.6
17.3
20.4
23.3
26.0
28.4
30.6
29.7
31.6
29.3
27.1
25.1
22.9
21.3
19.9
18.3
16.7
15.8
14.6
13.9
13.2
12.1
11.6
11.1
10.7
10.0
9.3
9.1
8.5
8.3
8.1
7.6
7.4
7.3
6.9
6.9
6.9
6.5
6.3
6.4
6.0
6.1
5.8
5.6
5.7
5.2
7.8
9.9
12.6
16.2
19.5
22.6
25.3
27.6
29.8
30.1
30.3
32.2
33.4
34.8
36.1
36.3
37.4
38.5
34.7
35.9
36.7
37.7
38.6
39.5
39.9
40.7
41.5
39.9
40.8
41.8
42.4
43.3
44.0
44.7
45.4
45.6
45.7
45.7
45.7
45.9
46.0
44.8
41.7
41.0
39.3
35.8
37.1
37.7
34.1
35.6
32.4
29.5
31.4
28.7
30.6
27.8
25.4
27.7
25.3
27.7
25.2
27.3
25.0
22.8
25.4
23.1
25.6
23.5
21.4
24.2
22.0
24.6
22.5
20.7
21.7
19.9
22.4
20.5
20.9
19.1
17.5
20.7
18.8
21.8
19.6
22.4
25.1
27.0
26.9
28.4
30.1
30.5
30.4
31.7
33.3
34.8
33.6
35.1
36.4
37.7
36.6
37.1
38.3
39.4
37.1
35.9
35.0
33.4
34.5
33.5
34.7
31.7
29.0
26.5
24.2
24.4
22.4
25.0
22.8
20.8
23.5
21.5
24.2
22.1
20.2
23.0
21.0
23.5
21.6
24.3
22.2
20.3
22.9
20.9
23.5
21.3
19.6
20.6
19.0
20.8
18.9
17.4
18.7
17.1
20.3
18.7
21.7
19.9
17.9
20.7
21.9
23.2
23.8
26.4
27.7
29.3
31.0
32.7
34.3
35.6
37.0
38.1
39.2
39.0
38.0
38.8
39.5
40.1
41.0
39.5
36.9
35.7
37.0
38.3
34.9
36.2
33.0
34.5
31.4
28.5
30.4
27.8
29.8
27.2
24.8
24.1
22.0
24.8
22.6
25.3
23.1
21.1
24.0
21.9
24.6
22.4
20.5
23.3
21.2
23.9
21.9
24.6
22.5
20.5
23.3
21.3
23.5
21.5
19.7
20.3
18.6
21.5
19.4
21.0
21.6
23.8
26.1
28.3
30.5
32.5
34.3
35.6
36.7
35.5
36.6
37.7
38.8
40.0
41.0
42.0
42.9
43.7
44.4
44.5
43.2
41.9
42.5
41.0
37.8
39.0
38.6
35.1
36.5
33.1
30.1
32.0
29.0
30.7
28.0
25.6
27.6
25.1
27.1
24.8
26.9
24.6
22.5
23.5
21.5
22.4
20.4
18.7
21.6
19.7
22.5
20.6
18.8
21.8
19.9
22.8
20.8
23.5
21.4
19.4
22.3
20.5
23.3
21.0
23.7
26.3
26.2
28.6
30.6
32.5
32.4
32.6
33.8
35.4
36.1
35.2
36.1
37.2
38.3
37.4
37.4
37.7
38.4
37.6
37.2
38.0
37.6
35.1
36.5
36.3
33.0
29.9
31.6
28.8
30.6
27.9
25.2
27.6
25.2
27.3
24.8
25.2
22.9
21.0
23.6
21.5
24.1
21.9
20.1
22.9
20.9
23.6
21.6
19.9
22.6
20.6
23.3
21.4
22.5
20.5
18.6
21.6
19.7
22.5
25.1
23.0
20.9
23.6
21.3
21.9
23.5
26.0
28.2
30.4
32.4
33.2
34.7
36.3
37.8
39.1
40.3
41.4
42.3
43.2
44.0
44.7
45.1
45.4
45.9
45.1
43.1
42.1
40.8
38.0
39.3
40.0
36.4
37.7
38.8
35.1
34.3
31.3
28.5
30.3
27.6
29.8
27.0
24.7
22.6
20.5
23.4
21.4
24.0
21.9
20.1
23.0
20.9
23.5
21.3
19.6
22.5
