2.602634
1.469391
11.655960
10.582911
10.411242
3.274459
12.530222
12.314059
12.772676
12.755585
12.625649
12.776294
12.695316
12.565660
12.672838
12.706316
12.743570
12.796563
8.497977
8.628942
8.541170
9.047970
11.258245
12.928384
12.746513
7.609129
3.681953
7.000740
7.422640
2.106656
7.010451
6.951739
3.709610
2.859660
6.903068
3.662629
7.123418
6.993549
2.047158
7.355537
7.159629
3.664761
7.198335
6.324238
3.434207
6.757573
5.213742
7.067483
2.108419
7.076940
7.214269
3.656190
7.068984
6.722826
2.949008
5.921716
6.023183
3.007782
5.225668
5.261440
3.636138
2.862320
7.191041
3.662588
7.380881
7.069640
3.662629
4.040748
6.681052
0.423601
12.386061
12.545776
12.526143
12.589874
12.759310
12.662088
12.615283
12.778085
12.791295
12.776956
12.820698
12.924400
9.606149
12.829560
12.928225
6.627172
5.740526
7.000646
4.676414
3.324148
5.444666
5.314372
2.836412
5.390319
5.726130
3.006008
6.091396
2.884013
3.699581
7.080344
7.091489
3.674836
2.781928
7.517778
3.668540
7.040423
7.069234
2.060917
7.037541
6.942706
3.688390
7.087224
5.123265
6.187667
3.664937
2.823829
7.049156
3.666629
7.046526
7.044834
2.060674
7.073944
7.032290
3.661168
7.077286
7.062402
2.071783
7.092101
7.035015
3.673244
7.053731
7.042397
2.586546
0.462966
12.649410
12.624054
12.833643
12.876154
12.875837
12.599216
12.851141
12.951379
12.996607
12.930417
8.064651
12.876311
12.921215
8.523120
6.996780
7.056212
7.017301
3.667516
7.100914
7.017348
6.644474
2.473882
6.029617
7.077334
3.727604
2.836774
7.560806
3.664050
7.028743
2.731493
3.923324
7.053483
7.017888
2.020499
7.916724
7.061950
0.390097
12.342904
11.146407
5.075988
5.183606
12.624661
12.499229
12.687789
12.483902
12.078629
12.406467
12.634549
12.698276
12.649715
12.753645
13.008821
12.848031
8.498924
8.919477
11.709326
3.800114
7.034484
7.090339
3.654463
2.762247
7.519423
7.017289
3.677066
0.434989
12.103307
12.682303
12.712170
12.617332
12.745662
12.723777
12.794767
12.790164
12.710205
12.932610
12.863201
9.231317
12.903883
12.971004
8.765397
7.061498
3.654676
2.866389
7.083716
3.663618
7.076044
7.037446
6.034023
3.128891
5.688989
7.008741
2.085362
7.062152
7.339770
3.669252
7.061106
6.892359
2.097813
7.439044
7.064388
3.675767
7.048267
7.010159
2.075098
7.029485
6.525073
3.734687
7.347317
7.231708
5.166169
3.585270
2.863886
7.071582
3.667007
7.049653
7.045876
2.073007
7.091598
7.042847
3.646190
6.919935
7.056865
2.078544
7.007605
7.038190
3.681168
7.051538
4.655646
0.388633
12.106975
12.435490
12.729956
12.538089
12.666562
12.794416
12.579717
12.649601
12.656777
12.705853
12.658840
12.677013
12.864385
8.415588
8.962667
10.292190
3.645246
7.106617
7.027601
3.666779
7.094716
6.783431
3.602589
7.124035
2.828150
3.674904
7.085512
7.054372
3.667924
7.066138
7.011541
3.575295
2.988545
7.217609
3.675809
7.284813
7.076987
7.074684
3.674904
7.027707
7.050388
3.664991
6.960876
6.449412
3.518933
7.031960
7.059502
2.084345
7.051846
7.043533
3.666792
7.136847
2.863458
3.662857
7.080799
7.039679
3.655680
7.033882
2.844772
7.042243
3.663608
7.051846
7.028296
0.417011
12.338946
12.371958
12.452546
12.511086
12.366158
12.598421
12.676018
12.709897
12.628463
12.649754
12.721500
12.575153
12.670274
12.686331
8.433050
4.696974
4.779180
6.905307
3.061015
6.954736
7.067841
2.892580
3.647081
7.064044
7.037246
2.062043
7.108134
7.018135
3.718177
7.039419
7.057316
2.717361
6.972147
6.299135
1.982258
6.974431
7.513375
3.656920
7.144750
7.006434
3.681533
7.026517
7.060500
2.622566
4.073833
7.003685
7.058610
3.666805
6.713303
7.257309
2.117778
7.041215
7.041511
3.672906
2.806820
7.052486
3.617722
7.224235
7.085116
3.664143
7.124083
6.961512
3.024729
5.915694
6.213876
2.611846
4.122997
0.441456
12.610504
12.633788
12.610163
12.678929
12.685218
12.630403
12.719417
12.670732
12.596983
12.684106
12.914690
8.392234
12.976382
11.694961
7.221511
7.101768
7.032408
3.656693
2.875547
7.019016
7.070796
3.666347
2.849627
6.981826
3.674135
7.039324
7.069187
3.124160
4.605684
6.971556
2.664095
6.728844
6.690302
3.026425
7.101563
7.035015
2.084889
7.087272
6.974187
3.681410
2.779089
7.355537
3.753262
7.040021
7.046030
3.657723
5.766817
6.244804
7.032549
3.361820
7.066138
2.831537
3.690977
7.068091
7.020308
3.669143
7.089092
7.052332
3.378846
6.896122
7.055227
2.107130
7.061950
0.481088
12.019819
12.554939
12.586059
12.633903
12.639042
12.559827
12.531795
12.662852
12.433167
12.561407
12.552423
12.633750
12.710205
12.467426
5.757215
7.025035
7.109038
6.935829
2.089012
7.117446
7.036750
3.662735
7.082700
6.737643
3.742572
6.847295
4.933715
2.684341
7.113487
7.073491
2.069853
7.051395
7.051087
3.645778
7.061843
6.138961
3.620039
5.070484
7.032845
7.011143
3.022619
5.548498
5.579728
3.643998
7.099796
2.834403
3.675229
7.080691
7.003487
3.653677
4.902540
6.490430
2.095816
7.345438
6.197285
3.553709
7.066590
7.330892
3.220551
6.532400
5.669771
3.226025
7.021095
0.452780
12.763425
12.755236
12.454543
12.937636
12.866358
12.909881
13.015078
12.882640
12.895076
12.942626
8.380680
11.936593
12.844057
13.026436
7.628351
6.800545
3.835090
2.814508
7.025917
3.681507
7.052190
7.038828
1.444435
6.996279
7.063948
3.676334
7.035664
7.031960
3.674566
7.016796
5.590996
3.638495
7.028248
7.087020
3.664386
7.049748
7.031465
2.990519
6.975161
6.975788
2.888219
3.661421
7.166565
7.194606
3.668177
2.906140
7.077394
3.685126
7.036065
7.067829
3.663999
7.052629
7.010756
3.672002
7.044787
7.056010
2.095171
7.079950
7.063496
3.653021
7.083405
6.998147
3.652302
0.512626
12.704391
12.837610
12.848858
12.811651
12.784122
12.856774
12.859770
12.849842
12.896702
12.917912
13.031010
12.790359
13.035585
