2.851807
1.603124
11.630233
10.564891
10.555426
3.255262
12.488585
12.447262
12.455652
12.526929
12.525358
12.530072
12.528501
12.457650
12.675366
12.612437
12.614942
12.823323
8.547071
8.510357
8.801966
8.615630
12.781355
12.578623
8.267945
7.004317
7.032998
3.673430
7.016174
7.098691
3.659236
6.673695
7.491207
7.061641
3.672636
2.874770
7.050151
3.653648
7.088122
7.250948
3.680735
7.030369
7.032102
3.580432
5.730393
6.808559
3.613957
7.117434
2.837886
3.659842
7.054764
7.016315
3.678620
7.035817
7.036360
3.663794
7.045284
6.716227
6.218565
3.639180
7.006388
7.121241
3.456714
7.075889
7.358519
3.192848
6.930099
5.576190
3.475976
0.484285
12.047612
12.157615
12.568785
12.575644
12.658534
12.561858
12.653417
12.605728
12.626258
12.653913
12.596529
12.729762
12.427162
12.555541
12.783810
12.580999
2.827318
7.050744
7.121495
3.699141
7.105955
7.044242
7.124277
3.649623
5.498974
6.896553
2.071847
7.059608
7.000155
3.682008
7.053376
7.100554
3.641543
7.071237
7.139544
3.645309
2.881928
6.997259
3.663138
7.062949
7.080344
3.657124
7.325681
7.107725
3.560454
5.475729
6.779944
7.130126
3.352171
7.148683
7.030817
3.663109
7.081253
6.944684
3.470922
7.047604
6.705919
3.293830
6.401103
7.142000
3.569654
7.035522
6.377550
0.469292
12.347810
12.397849
12.485798
12.305894
12.532432
12.433020
12.406174
12.531009
12.569463
12.715176
12.900232
11.877607
12.119184
12.546865
8.626049
7.014004
7.068186
3.668566
7.000693
7.114657
3.436354
6.229140
6.508973
3.653715
7.032503
6.816161
3.620974
6.924047
7.132831
3.427696
7.118860
6.997119
3.427192
6.677265
5.938308
5.949798
3.177084
7.098787
6.746096
3.610264
7.061748
7.031854
3.678853
2.908474
7.035168
3.669333
7.087176
6.964274
3.670264
7.005592
7.037541
3.685810
2.840038
7.024094
3.652808
7.062200
7.066888
3.677740
7.084614
7.039277
7.035275
3.658901
7.070986
0.458552
12.654219
12.686331
12.582434
12.461833
12.614334
12.555541
12.428230
12.341269
12.615435
12.674255
12.778085
12.722657
9.120253
12.783147
12.135173
12.743106
4.335646
6.660543
7.076940
3.641104
6.632884
6.417784
3.655731
7.073741
2.772710
3.738582
7.068591
7.062937
7.073336
3.659641
7.121132
7.048362
2.062626
7.316621
6.998882
3.676241
6.986757
7.079042
3.607671
7.084770
6.999559
3.441051
5.888238
6.937550
3.679908
7.023999
6.188845
3.069283
6.936357
6.249531
3.116458
7.026624
5.147794
6.748407
3.635609
6.817147
6.835835
3.233953
7.089032
7.070140
2.115600
7.072691
7.073037
0.435832
12.502359
12.584473
12.641899
12.594940
12.595243
12.593352
12.496735
12.620976
12.598912
12.544050
12.504857
12.804103
12.724240
12.704891
12.813452
12.426978
6.687262
7.132564
2.830297
3.671475
7.021988
7.090231
3.659906
7.029733
7.044929
3.655868
7.120419
2.902430
7.098547
3.655744
7.012233
7.106461
3.659613
7.073037
7.070641
3.323893
7.075782
7.081612
3.655062
7.017055
7.087427
3.657242
7.106412
2.795873
3.792233
7.053079
7.088134
3.651660
7.037104
7.088829
3.660376
6.719207
6.796622
5.143476
3.486470
6.834609
6.459075
3.317982
5.328590
6.890367
2.070522
7.055322
7.185103
0.456434
12.105962
12.171515
12.431620
12.490185
12.464610
12.485500
12.545326
12.395248
12.291073
12.217143
12.450698
12.583189
12.518292
12.778590
12.869358
12.291361
6.984163
7.048303
7.054431
7.084757
3.623360
7.005838
7.053281
3.647132
7.095124
7.025282
2.082886
7.035912
7.053874
3.668177
7.005007
7.056117
3.665972
7.076092
7.053625
3.658958
7.062247
5.968611
3.208482
6.779977
5.582513
3.293763
7.088182
7.112630
7.076534
3.646986
7.103885
6.982954
3.660414
5.821873
6.803049
3.668418
2.891052
7.060500
3.646295
7.049499
7.054230
3.658285
7.049950
6.950818
3.697034
7.053826
7.080560
0.435114
12.628995
12.538838
12.641137
12.563438
12.742099
12.613841
12.466945
12.536365
12.516724
12.580547
12.743531
12.757874
12.654867
12.718105
12.535128
12.836943
4.021300
7.082353
6.966935
3.665798
7.061344
2.842775
3.681830
6.881989
7.109038
3.649249
7.079998
7.045816
3.738642
7.082604
7.024046
2.129408
7.100157
7.083609
3.663189
6.996489
7.094308
3.663192
7.051241
2.819181
7.831345
3.650980
7.085918
7.054325
3.644885
7.092497
7.029980
3.678094
7.028437
7.138888
2.070650
7.091393
7.072739
3.638122
7.124894
7.048860
3.657124
7.005943
7.145602
3.649744
5.731513
6.903306
3.281014
0.504816
12.569613
12.588438
12.518143
12.620863
12.729608
12.604781
12.483457
12.558699
12.741944
12.748412
12.843900
12.619572
12.779252
12.670236
8.339521
7.032597
3.651886
7.067293
6.917253
3.657031
2.800422
7.727319
7.060203
3.674173
7.052937
7.030616
3.666603
7.035062
6.992325
3.572463
7.035864
7.107159
2.091666
7.084315
6.985047
3.646641
7.092844
7.050601
3.648674
7.012925
6.145483
3.390786
4.546424
6.884689
3.666225
6.210720
6.174478
6.997808
3.440704
6.077002
7.302684
3.285993
7.050293
6.715507
2.159310
7.039135
7.090075
3.626330
7.144190
6.869118
3.639275
7.019908
6.961605
0.497805
12.355740
12.411130
12.356795
12.338693
12.347810
12.127664
12.187536
12.488623
12.632647
12.630554
12.639995
12.715676
12.655669
12.657770
12.791958
4.429521
7.047770
7.074588
3.579045
7.093816
6.992126
3.619399
7.014344
2.862631
3.636243
7.001674
7.022177
3.639436
7.091238
7.015130
5.500640
2.226295
7.471044
5.463944
4.272190
6.836057
5.539982
4.278811
6.619620
7.493950
2.072500
7.089536
7.006634
3.608401
7.128091
7.060750
3.662629
7.123369
7.020790
3.080204
6.961558
6.935336
2.094043
7.049559
6.729157
5.765049
4.261106
7.016010
5.551766
4.238276
6.432685
5.473213
4.270402
0.422315
12.169749
12.170915
12.423592
12.498447
12.628007
12.694241
12.698084
12.590479
12.704700
12.672686
12.701314
12.817719
12.873980
9.036449
12.884579
12.787395
7.731151
7.025282
