2.784051
1.614236
11.717962
10.578214
10.549081
3.264868
12.800312
12.479593
12.697430
12.693894
12.844568
12.757524
12.701468
12.789852
12.834036
12.819169
12.825637
12.731694
8.506663
8.582592
8.567060
9.118687
11.902348
12.666562
12.824617
7.786465
3.640627
7.114959
6.998485
3.655533
7.100854
7.049452
3.672369
7.055369
2.775918
3.828589
7.188601
6.990612
3.615813
7.094812
7.154512
3.666712
7.028142
6.036420
3.162076
7.029132
7.054431
2.624300
4.155084
7.031995
7.140615
3.644689
7.242122
7.046763
3.667318
7.091346
6.939237
3.206064
7.004025
7.048054
2.100162
7.135670
6.818022
3.717916
7.060642
7.047119
3.667478
7.043698
7.020884
0.459395
12.486094
12.448961
12.508287
12.543900
12.368747
12.374878
12.507019
12.461833
12.616877
12.681000
12.834350
12.861229
8.847287
12.873822
8.334931
3.464861
7.118244
7.047616
3.674038
7.004528
7.117132
3.633905
7.147453
7.043095
3.655065
6.810129
5.067163
3.523474
7.019556
7.093709
3.599013
6.270975
6.562541
2.634567
4.207195
7.063294
7.108074
3.668219
7.074337
7.041014
3.651088
7.025176
7.042705
3.582934
6.574227
7.053483
3.419528
6.261071
6.247892
2.046757
7.072978
6.971556
3.687955
7.059561
7.075233
3.630712
6.984756
7.172877
3.187202
7.019215
5.981822
6.533520
3.308870
0.464056
12.299975
12.456097
12.529436
12.477106
12.505752
12.504857
12.416200
12.422672
11.788839
12.234641
12.549568
12.545476
12.757058
12.558887
9.187216
12.606183
12.665299
7.088877
5.601330
3.955883
6.353322
3.281615
7.029037
7.110002
3.411934
6.301037
5.779141
6.031221
3.742923
7.019955
2.918199
3.679611
7.098090
7.039419
3.667356
7.042409
7.052534
3.669939
7.072536
7.114295
2.062170
7.087679
7.014390
3.672716
7.032160
6.884158
3.717817
7.087523
7.083310
3.649566
6.146167
6.388186
6.157256
3.246491
6.838119
7.078540
2.072616
7.427714
7.023847
3.668017
7.064293
7.036596
3.665904
0.481207
12.567542
12.538089
12.632153
12.589572
12.688096
12.666562
12.555541
12.211665
12.344321
12.542625
12.515005
12.584020
12.651356
8.340002
12.687290
11.150260
6.626952
5.868301
3.294979
6.965686
7.086972
3.668793
6.685386
6.324753
5.953624
3.384220
6.267199
6.304257
3.020919
7.193261
6.255048
3.654008
7.074337
7.073992
3.653970
2.916353
7.052534
3.662105
7.057161
7.070831
3.671141
6.993012
7.089835
2.089750
7.031512
7.093253
3.659973
7.102934
7.041653
7.129775
3.651034
7.144081
7.105449
3.643438
6.140507
6.088249
3.420532
5.646180
7.006189
3.594627
6.138242
6.691604
3.525956
0.458259
11.918243
11.786753
12.303619
12.384049
12.475993
12.569915
12.490482
12.405403
12.510303
12.499081
12.557909
12.709087
12.752481
8.735312
12.541687
12.618623
8.499354
6.536584
6.683916
5.970607
3.196522
5.671412
7.035121
3.468873
6.282830
6.044302
3.671584
2.852352
7.128297
3.648820
7.049156
7.062402
3.665353
7.072178
7.028401
3.673916
2.942277
6.917732
3.635770
7.155940
7.083310
3.643742
7.417128
7.038994
7.071630
3.135159
7.069294
5.921883
3.198865
7.033929
5.814294
3.511594
7.056212
7.096925
2.097548
7.103031
7.039088
3.670829
7.043438
7.022917
3.669172
7.056675
2.884370
0.460492
12.424696
12.436891
12.583831
12.591764
12.573721
12.554112
12.525695
12.565810
12.515939
12.726402
12.626904
12.807544
12.691130
9.180218
12.396640
12.842916
8.179012
7.126770
7.048658
2.095874
7.003440
7.091945
3.626487
6.995555
7.094560
3.656668
7.085823
7.014097
5.531551
4.135905
7.063948
7.038734
3.668232
2.886168
5.483510
0.490407
12.158495
11.063175
4.979484
5.191112
12.409881
12.446191
12.538538
11.889627
11.681964
11.926343
12.454395
12.488585
12.531009
12.680539
12.665147
12.730227
12.776138
9.012411
12.546265
12.640946
7.297361
6.532492
6.636977
3.110583
7.050293
7.072489
2.886246
3.674212
7.061450
0.485874
12.675558
12.600957
12.557119
12.539662
12.413590
12.480485
12.378859
12.398766
12.672379
12.685832
12.539963
12.654219
12.830228
8.625144
12.735290
4.959090
7.068984
7.034083
3.635836
6.742452
7.078994
2.111825
7.072584
7.130030
3.644844
7.111413
7.028307
3.665715
7.062640
6.996734
3.674875
5.615075
6.386921
3.441463
6.869737
5.494083
3.573035
6.974187
6.727711
7.485698
2.095953
7.094968
7.024388
3.674309
7.026918
7.105906
3.660497
7.021930
7.118244
3.656040
7.071630
7.027860
3.315210
6.367800
5.246480
3.654918
7.044242
6.851277
3.719796
6.700123
6.029002
3.222667
6.777271
0.505854
12.507019
12.580547
12.579377
12.645749
12.586398
12.597777
12.616079
12.522852
12.551446
12.755934
12.605880
12.568634
0.602618
11.591246
11.482876
12.200795
12.277006
12.635843
12.316338
12.562009
12.694894
12.659031
12.467093
12.310120
12.457170
12.537639
12.432541
12.557609
12.546265
8.980687
12.602395
12.604933
8.293941
7.095268
7.013652
3.645154
7.148720
7.050151
3.657685
7.084363
7.022223
6.017463
3.521163
7.144640
7.007512
2.101035
7.142244
7.139143
3.654317
7.056805
6.707903
3.755981
7.077943
7.077346
3.525197
6.003630
6.995742
2.107490
7.011693
7.111967
3.651326
7.087272
7.066150
3.670787
7.063199
7.040766
6.661379
3.359324
6.010375
6.224905
3.636164
7.152926
7.006130
3.695575
7.042255
7.130829
3.607597
0.458615
11.998192
12.152753
12.526143
12.569425
12.649448
12.596037
12.572590
12.611604
12.787084
12.679581
13.043247
12.675864
12.916759
12.884262
8.725535
7.091549
3.666577
7.118957
7.035511
7.118606
2.088550
6.986757
7.144543
3.654568
7.091897
7.069342
3.658728
7.039029
7.112220
2.076701
7.028001
7.054076
3.680383
7.021883
6.992022
3.750855
7.049997
7.046219
3.251462
6.684896
5.554325
3.625684
7.098330
6.991252
5.960113
3.637662
6.020650
6.691155
3.281689
5.898382
6.944062
3.348625
7.031760
7.118147
2.871788
6.625413
7.045331
2.090287
7.029143
7.075734
3.670681
7.045177
7.030970
0.462192
12.614790
12.533705
