33.34263955355581
36.938598654313594
41.500643144084066
43.19438122406105
43.33137732964172
43.27058143853423
42.62027618863745
43.0083570029634
42.048160401002505
42.657554030002544
45.37080426199362
44.65731138604374
44.65778686342777
44.92902285922403
45.38111313078854
45.3678597311008
45.402236390599796
45.37129505430315
45.58282888659458
22.932977571708204
15.979701078570693
15.833238330722335
15.91071828234357
16.005922601670694
15.942407760052605
15.803886253424116
15.8134793165332
15.845320982384031
15.853346386008942
15.986339797536285
15.970999923844337
15.757989254987415
15.76728956855492
16.25075649266367
16.109199706568038
15.47131338020376
16.46568523534723
15.772863165099146
16.25686622584321
15.915548219401597
15.73286820833099
15.793531673262518
15.807340797998032
15.756923678002014
15.906856442871826
15.964616994956703
15.868040737882296
15.891186978809497
16.00347976053753
15.125346642481329
16.578538791127134
15.877110832674044
15.942710748576511
16.157728682319856
16.004884303071005
15.835868625429942
15.951199105519764
15.917239390224928
16.106601538349288
16.064959936265723
15.701065004585697
15.823979476344979
15.965771623031069
15.91482354191093
15.851668764196116
15.92443087764059
16.01808682900003
15.842508026440038
15.999328641452577
43.33943664882515
43.31392574998709
43.06930225394054
43.32734879396725
43.37888095976833
20.924126852678683
16.049653124557558
16.12666628217698
15.888116974127808
15.887515151515151
15.981405911243709
15.948894229306726
15.756390943549325
15.871042932713774
15.828936096340437
15.767171024190365
15.64151675169307
16.419147237054318
15.94768140408511
15.86816080386801
15.882221077822544
15.614614279225952
15.989508836670275
15.943256156942644
15.965953947994503
15.915850187834403
15.828338748693332
15.954475602148412
15.925458763493323
15.869781872528803
16.059116544592023
15.817057350589797
15.915487827090036
15.788537765146526
15.831445448883688
15.921771083239697
15.983111107723849
15.832819955305913
15.953140570680906
15.90957160305575
15.943134951858568
15.883002934772318
15.883905173066728
15.739244315857809
15.771617658118373
16.040078167724072
15.803469427740351
16.219022134228396
15.820099952852429
15.88540913136516
15.786695572969595
15.524799384086938
16.374533472836017
15.943013748617346
15.891668655822924
15.795851347483543
16.075365540501696
15.694661058807682
15.750592388140971
15.791450494341243
15.454268775723008
16.319931518842047
15.994447728182736
15.96498159630632
42.138986286230974
42.076000160507206
42.512710318264745
43.43368403611962
43.5197609388132
16.922000637454058
15.935744924981288
16.00006103538908
15.861919780959512
15.90329796995503
15.73918525412026
15.994813693374875
15.846039343989784
15.80585158499269
15.93568437929803
15.729564111891573
15.758522097527436
15.871283157376926
15.766459795434297
15.970939109972166
15.96832455151829
15.968689322236521
15.950349863097049
15.909390563540018
15.891367604267701
15.952533812052152
15.96625783218753
15.881679837332495
15.886251472420755
15.93937850810022
15.940105423575508
15.8661199291864
16.157666438097586
15.876269460647194
15.810916054418179
15.78865663101866
15.766993210985722
16.033394750724394
15.750178368919498
15.757042068328161
15.719129926394531
16.173242434525093
15.751243033753436
15.883664566165779
15.980066369236983
15.865519771831476
15.955810857077642
15.988046047114432
15.84538084336348
15.999633797444211
15.76112762431562
15.740661930549457
15.855443912691753
15.79781468103458
15.811810121237711
15.968689322236521
16.041734554160833
15.744384384384384
15.82141280936089
15.151847061968514
16.589161267867453
16.065944504879955
15.96826375801877
15.823322807851481
42.92428925230776
45.30513399367027
45.25673838451412
44.81955931696266
44.73017735072359
45.47854184286427
26.417817192381335
16.039096766792223
15.836765516564343
15.883965325930948
15.665703038044656
15.858801110111237
15.812763903969115
15.847476262624355
15.888297529802603
15.978361822330752
15.857242234521973
15.767585937265045
15.905469052187696
15.797100685094026
15.89853572741711
15.97264207347492
15.72184030406849
15.791331586398
15.905227791555747
15.93744039092156
15.760416940656599
16.107405643711886
15.910838995041974
15.89998218299955
15.962065251724912
15.990667068247063
15.882221077822544
15.992252288663252
15.86636000484203
15.897752340522306
15.937924876028347
15.95411148049814
15.871883750851435
15.974406240002438
15.854365115364843
15.779687288377902
16.043575384803695
15.883905173066728
15.811571693532578
16.2848911701442
15.984085669099294
15.869841918469582
15.896728027985915
15.93495786698276
15.810618054613169
16.10338591958105
15.888297529802603
15.778618774969717
16.0449869744347
15.869301521359954
15.870742662110874
15.964616994956703
15.769838703613189
15.8479552934153
15.871223100529381
15.93241559546601
15.940287162804132
15.812883134901186
41.014472346084645
43.7116118139942
43.964989884802044
28.173894352195173
15.619498752467136
16.305719806087183
15.274231609613985
16.64142199650849
15.970148571776694
15.844482976159446
15.85934079230458
16.03413026691031
15.888839221450272
15.914219694411456
15.770194462408446
15.858501302541184
15.633820876384727
15.991764495060604
15.896065307854983
15.622349439997617
15.929753133308013
15.789250987227218
15.708944910318689
15.958664196055901
15.87512774123222
15.73369444934185
15.766993210985722
15.733163284444277
15.784200385356455
16.040752950535037
15.81443330065606
15.673313204388508
15.717657286970729
15.963462533873276
15.8558035444263
15.948348435129452
15.91071828234357
15.947014428834857
15.854425044698376
15.91452161243322
15.878132618604159
15.904021598173863
16.033210882221397
15.690668582031483
16.089672130518675
15.913072510395484
15.818548676037429
16.028554286391238
15.968567730145436
15.833118792632886
16.02439015071921
15.893294531344731
15.851309320000151
15.974284560834228
15.89100635745732
15.885649791123011
15.958360600849225
15.917662239089184
15.778381347197039
15.781349708024802
15.79335326500335
15.91192549175819
15.95526458941186
15.881198765642452
42.786359138622245
42.81562238418979
43.565868605557
43.74215482807888
43.84274619252198
37.812071219292314
15.955568066830496
15.93507894776834
15.900163008453694
15.736586976423094
15.847655895777287
15.836825312918878
15.699889577211732
15.98707100275961
15.947135692912518
15.815029599185552
15.994203760691583
15.933081350073126
15.911502947625587
15.992008388142217
15.82523326755685
15.943195554170247
15.942225972466115
15.978727051768999
15.56154787964234
15.904323129367778
15.852447615880022
15.718187405375426
16.005678283998154
15.89076553537466
15.864679627808458
15.891789079638842
15.921408452842794
15.881138633730396
16.0191268413595
15.850290983296803
15.947256958834421
15.943559177715606
15.991764495060604
15.997558966222195
15.800552263489205
15.830190673168374
15.743675209825383
15.914340460245489
15.739480567240687
15.797933686632994
16.193661224127347
15.988106991335638
15.639125555103973
15.13342353556674
17.03450516602768
15.700653584984765
15.802278618361566
16.17773389286596
15.8109756557272
16.010749404507422
15.893294531344731
15.937803751990181
15.998779390000152
15.924914572101146
15.787824607497356
16.05125006218739
15.944347085634782
15.9069770969785
44.01943683553205
32.448333217289054
15.774168192946894
16.02035055822712
15.998840416077021
15.842148997567572
15.779687288377902
15.66371390586021
15.85742208914144
16.032475450378996
15.878974188126083
15.822487126770659
15.958299883194016
15.725259069300101
16.13336564388388
15.899801361658252
16.006777772265327
15.904684981893332
15.895402642978144
16.017475120103263
16.00909941029409
15.937500949949083
16.03885143532345
15.751065579618983
15.976779354347205
16.033088305562245
15.743497926167821
15.883063080803108
15.966804852886874
15.938530523835762
15.966014723907698
15.929027161694112
15.826546976231713
15.792758599915658
16.216263029290772
16.166198366538318
15.911985857037717
16.17467693482394
15.580508317174464
15.942589551784954
15.50402543156027
15.989143114187906
15.97775314370174
15.586356052188583
16.043698121868186
16.054321989458657
15.896547280651886
15.838559603649326
16.15679506933744
16.00818289378268
15.87512774123222
16.14392221918578
15.85466476656322
15.734874944196639
16.122079190033787
15.83353718384296
15.854245258056956
15.945923135119928
15.79406692222532
15.863959575176253
16.053338844809836
16.049530296362907
15.481763922057885
15.943316760175767
44.361167225459816
44.42036368257734
44.772195002188276
44.361636417481066
44.535448454538695
44.113420277660914
44.3424076795399
44.14081097862578
44.283886225901135
43.064437964598135
43.923553004995235
44.12920059760537
21.862869176318505
15.904986538242767
15.901971489232636
16.006838859375954
15.780340340039054
16.02285976238683
15.826666415108578
15.93513948885115
15.934170886725147
15.848673893903955
15.86509968869741
15.983172014328176
15.883664566165779
15.869361563665807
16.031801363789256
15.811571693532578
15.728974240702614
15.96899331056565
15.760476161846931
15.888177158896772
15.847057134437081
15.673840335726217
16.13566207586366
15.800552263489205
16.0431458198662
15.920078949366127
15.950653153581412
15.98676632578775
15.752544486257896
15.793650614341283
15.763734012846099
15.7220171002965
15.967169554177469
15.882160938168571
15.630267007024539
15.947620767666013
15.766637596607826
15.370788822721027
16.04793370089646
16.42216871243711
16.03210775975751
16.078878163598585
16.006655599442823
15.905650002464931
15.93889393461499
15.937803751990181
15.848614008040869
16.033333460754818
15.883063080803108
15.879875968757453
16.015701428478696
16.1572929828346
43.88724495134456
44.28809460957711
44.24417979092606
44.59131839976185
44.8229121025915
43.95393240764999
44.34990959364723
44.31523450294251
44.85886631016043
44.74878907500267
44.72206939202013
44.144062980192395
45.17144303361227
45.19967670671911
45.60017395085888
45.08549930130066
45.66918914210429
45.00905696012362
44.148244829219514
45.742902947880424
45.871472942823395
26.579367946110022
15.446756011239886
16.301790579538345
16.107962379074223
15.863599573370449
15.946650647666916
15.961154112534343
15.988106991335638
15.907942395727847
15.757456448480157
16.07160811722151
15.984633912102318
15.88077785182044
16.11489386226107
15.959939422074413
15.748640773782704
16.08165237162258
15.861259959839206
15.855623726519765
15.638250909741693
15.967351911070503
15.800552263489205
15.784735002013406
15.799480922586648
15.851668764196116
15.96838534548071
15.924249499793083
15.806506804143915
15.976535925554892
15.99017937134252
15.914340460245489
15.95605365471381
15.889802320030913
15.896728027985915
15.954779049553611
15.927756870578317
15.663245948166406
15.849871706212896
15.7844379882886
16.021574462070888
15.952533812052152
15.963341021366643
15.735052033703735
45.94835840189302
45.852417080263244
46.05936549421829
46.22994257497768
46.34129202620734
46.44134907101889
46.4917974638645
46.927700328940006
46.82135720744354
46.17548495056917
46.08720112517581
46.02045205178846
45.77335428671206
46.14297344276002
45.83137374885266
45.877493874693734
45.93829337480696
45.94684836667178
46.19938978047518
