33.061941322066495
40.7768228660315
41.14119805000539
42.99865703008868
43.22019681591014
43.75584464358367
44.05781512605042
42.361572334666505
44.218525312585655
44.31710744587556
44.1668404148897
43.498096966554314
43.61615573395449
43.66519530274007
43.7116118139942
45.11605193240612
45.573418519242885
46.039142509028245
25.36238246409675
15.9878632172385
15.973372026155738
15.92884567912956
15.881319030832667
16.103509573483734
15.937137602687155
15.945074454375074
16.067914004198656
15.679465277024931
16.02647194806485
16.075427152241733
15.953383287056408
15.886492157701966
16.10338591958105
15.883484115773648
16.04713552227842
15.897812598311786
15.976779354347205
15.846159077256704
16.061207375213005
16.229251550644054
15.8499316015811
15.965953947994503
15.964009363046415
15.910959709572058
15.94125650868458
15.949015521974887
16.016251842460992
15.697950506759286
15.888116974127808
15.669799901370354
15.914098930410269
15.898716519972405
15.897872856558061
15.978361822330752
16.008427287924704
15.848194819670892
16.031801363789256
15.86852101272719
15.852986865728054
15.105572882527929
16.504495712841017
15.972581247096278
15.9259425203996
15.376592905430176
16.368846029261974
16.383360024999025
15.90528810602757
15.842807229598293
16.034988454421725
42.58868445635839
43.12997696610727
43.07151365783528
43.00042033606381
30.879069425016564
16.143238728648516
16.088746365526394
16.185849791999505
15.933868222708485
15.954293539245706
15.931991962410214
15.974406240002438
15.933868222708485
15.892451443251312
15.944044034911656
15.953686692911889
15.933868222708485
15.893113862080202
15.965163903226298
15.857062383982276
15.817534544138056
15.675011865654628
15.884807513870742
15.926123936816525
15.979092297904277
15.948530362371192
15.784735002013406
15.975683983195134
15.92400766909015
15.927998815170376
15.79299646057685
16.013377875345995
15.899500001895369
15.929753133308013
15.961883015564943
15.928240767112884
15.941195921113142
15.926365831801819
15.87242432384362
16.056718909110398
15.068290983032337
16.94545043188778
15.986217936501887
15.87861350455048
16.016435322195704
15.972520421180906
15.932778727445394
15.939257361966687
15.912166955624434
16.05143434467134
15.846877514857733
15.996582761250954
15.823680983909608
15.963401777388723
15.942104783044972
15.702652110756699
16.049714539359893
15.722134966657546
15.827621991026382
16.02892181403365
16.01564027370479
16.023716743837774
15.892391226095885
15.78455679243721
44.78605902703626
44.23204851041392
44.87038384184176
45.387497159429074
45.12187617664461
45.41403466981387
21.051938404705975
16.00928272619011
15.916272962891284
15.906494491533458
15.773574971700633
16.061822429011812
15.974588762230491
15.922919521815553
15.839875525880496
16.0153956592794
15.897270294650506
15.952594485838059
15.950774473004682
15.976779354347205
15.950349863097049
15.819622604504154
15.89986163498171
15.82535268660602
15.830250419882622
16.003601884884674
15.703122426057657
16.181853255040547
15.840952352176934
16.002258619571396
16.025614671888434
15.806328102624398
15.957267753741736
15.85292694726657
15.816162690287378
15.816699474323295
15.82081602939124
15.970756671134398
15.886191302239965
15.809366578089369
15.703298801558985
15.805434655633057
15.91470276874509
15.857661901647278
15.964191647762739
15.981893073109765
15.78996427374817
16.030330826148106
15.857062383982276
16.01197184173958
15.932536637619942
15.689201270306766
15.525201639022656
15.421596023178516
17.14220789040245
15.884807513870742
15.977814009477806
15.891126771235887
15.94361978325243
15.884627037508332
15.856522856840417
15.92533782885869
15.989508836670275
15.837064502852655
44.08791717033689
44.29511036012251
44.86174513872548
45.505185956689665
43.107813110238645
15.85460483541739
15.790261495486135
16.116194179532304
15.791628859613784
15.94871229376357
15.96443470052678
15.867200326854254
15.946590019085855
15.898776785071243
15.464411204064552
16.17991814187456
16.026839380218185
15.383247632530606
16.707445706728702
16.044925595807353
15.923584483033538
15.765037530398308
16.168254849353932
15.920260232220059
15.897872856558061
16.017597458144934
15.911804762573171
15.908364750771845
15.931689381162922
15.868881237940297
15.953383287056408
15.899198653556022
15.967108769472066
15.984999428331873
15.90963195047661
15.760772274474585
15.839456799634442
16.071484952754638
15.860660170090794
15.91331400907532
15.997070848843595
15.91808511042039
15.874887400174105
15.93241559546601
15.941741225836367
16.00549505063842
15.877170934088397
15.95241246586492
15.865219710180012
15.897029282676753
15.992313264955962
16.010504939459178
15.922194172914491
15.853286464829724
15.903659775833043
15.90534842095683
15.977205372583976
15.93665316544193
15.778321991370328
15.784378586884937
15.786279653585153
15.729859064077466
15.824516791108126
15.92521689606075
44.33865767413343
44.19522886285088
32.98757353635134
15.962915742160888
15.763911752546322
16.043514016975667
16.08319401199442
15.819443606300164
15.959939422074413
15.90070550949462
15.896788278010657
16.042102686494093
15.835151185662562
15.722901141083504
15.931326298836954
15.784853810633118
15.775117439756883
15.872184064634538
15.980979668973085
15.870742662110874
15.984451160255945
15.973676192797514
15.883784868705076
15.907037424718215
15.844722397464423
15.957267753741736
15.855024362953191
15.86149988844055
16.012399738872496
15.985608659196584
15.934170886725147
15.827502537726273
15.834493589646788
15.992679132477198
15.825054142362342
16.00012207124383
15.871703568036388
15.913072510395484
16.13193846153846
16.012460868901275
15.850290983296803
15.907882061123711
16.041243737331243
16.00653342848529
15.973615358542446
15.921771083239697
15.872003875000946
15.984512077073758
15.95933214617293
15.90130833184846
15.969175709118598
15.85250753071815
15.929632133443727
15.9467719062121
15.958907080538317
15.607757914948722
16.188223669991046
15.999877930618815
15.949197464436324
15.796267771396291
15.79466168584684
15.751006429129363
15.76349703281381
15.984512077073758
42.94230749541838
43.32734879396725
43.92217312082435
43.333168030415735
44.55815831128959
20.073338470153004
15.698009259432533
16.05241725605462
15.986644458250591
15.862879618773874
16.01044382436358
15.993654861047558
15.9069770969785
15.902755292003322
15.928180278438134
15.962794237978345
15.841969489233605
15.836167577853626
15.77820328105662
15.83036991466411
15.901187763721078
15.880717723095795
15.994020789957368
15.922496393591983
15.760002404785523
16.038238139485085
15.96315875607519
15.86149988844055
15.984390243902439
15.884927833724053
15.791391040145779
15.69853805328283
15.868821199269043
15.871823689458529
15.917118580390044
15.964860060672729
16.021207271282712
15.983050201583708
16.007388664353893
15.899439731313636
15.76711175267653
15.794483252057013
16.06920675056989
15.96315875607519
15.88715407983152
16.013316738315403
16.036214595950327
15.961154112534343
15.7909748733124
16.051802922333888
15.956114355277423
15.837602706621556
15.941741225836367
15.77120253283549
15.722783263234446
16.032659302014448
15.651556086275095
16.054321989458657
16.0153956592794
15.93489732727998
15.90004245769394
15.947438861175325
15.939257361966687
15.902514113690565
42.541168833803276
44.52410220481301
17.83186374960674
15.987253814517082
16.09454958481067
15.831564961707299
15.937016490614788
15.869901964864752
15.94361978325243
15.999511733650706
15.849093107617897
15.867020250358438
16.022247688899075
15.889079985150053
15.890946151252354
15.955325283972032
15.842208834582916
15.936895380383158
15.94555940373861
15.872364258359445
15.955871555793951
16.06071536608808
16.06459075414608
15.677882854259336
16.118361841372074
15.908304412963911
15.81222738702466
15.896969030825149
15.896246044228837
15.899500001895369
15.955568066830496
15.922919521815553
15.805077305116871
15.932718204299318
15.817594195356135
15.917058176160298
15.946590019085855
15.932899775117
16.062745098039215
15.995667677287722
15.8109756557272
15.924068126077284
15.876149271922753
15.959089248751978
15.822487126770659
16.368462748250685
16.02622700265556
15.80186187747475
16.23402550655081
16.02647194806485
15.566052580793611
16.292861804282296
15.911201144127432
15.720072560454552
15.944347085634782
15.865519771831476
15.428970814358129
15.689494710696811
16.26033254893447
15.914280077099365
16.205674279510234
15.851668764196116
15.768000872177172
15.84101218015296
43.7344010677344
44.31617095461989
17.69681320118645
15.774524147112915
15.88637181414974
16.029718181748695
15.864559614497205
15.830071181092853
15.97976195918865
15.946711276708996
15.881499432033321
16.01582373942761
15.878914073058912
15.968628525959515
15.901067197422046
15.951441762822219
15.819980613064683
16.079987731942953
15.885108316921679
15.809485757793919
15.985121270789822
15.832043031046522
15.954536290706034
16.012338609310458
15.897029282676753
15.820457983018946
16.081590712155023
16.015579119397913
15.859880511230433
16.0782001694337
15.953868741964687
15.90070550949462
15.95380805848545
15.8462189445687
15.723254785236056
15.988350772866754
15.953079892741
15.999572765314648
15.949803969289155
15.983050201583708
15.94131709671657
15.972337946214365
15.895221925782197
15.809962494581503
16.03370120760112
15.994081779736959
15.80656637221502
16.013744707333185
15.939620805891987
15.89986163498171
15.892210577367555
15.64186674423635
15.86816080386801
16.122079190033787
15.93411035300196
15.912891391195808
15.410603666825882
16.54140177627739
15.878433168907177
16.047626699723757
15.731865032331628
15.951017117387783
16.026716900961762
15.78622023831927
43.24113899255655
44.05133698825803
43.99450370789935
44.607442543099324
44.753086288025095
44.207339952359874
44.30914853158673
44.51795873312388
20.853903981544093
15.851668764196116
15.975866534623295
15.78800289086967
16.050144456136994
15.818190732283139
15.97118236823968
15.869301521359954
16.035785425085734
15.91047686244163
14.807362898841339
16.54231512522185
16.650076019514984
15.987680391543991
15.96109337362006
15.892210577367555
15.879515244214089
16.122574966077394
15.676242160578267
16.00653342848529
15.836287161983583
15.921529327806374
15.805970711707026
15.976779354347205
15.886973550144123
16.06003890275842
15.874947484756387
15.93580547112462
15.756213373403456
15.705239193601534
15.982014868216995
15.591744483435438
15.887515151515151
15.820696678799766
15.912951763804262
15.912046222775263
15.95459697972536
15.235504798436603
16.55818433758246
15.965953947994503
15.647235258567303
16.051311489211884
16.064160063118305
15.878974188126083
16.005128596504616
15.896547280651886
15.894378633197668
15.929511135417616
15.921287579714546
15.804422204470436
15.930539677234348
16.049346057595912
15.722370704681508
15.945013837778657
15.969722929778671
15.771143231007565
45.71299031094351
46.13891272303258
46.20906046183677
46.41513860454822
46.77958086570527
47.10954365235362
21.754575961742937
15.900283561041443
16.143549398990814
15.966014723907698
15.872003875000946
15.87542817778888
15.669916986094611
15.86900131664573
15.612056964616725
15.903358269791497
15.971729726436362
15.956296459739331
15.917360201893702
