33.293675930115334
37.08327660138809
41.32889265514455
43.24336807810873
40.03268048715306
42.81518532507171
43.10426900704992
42.971784521443354
41.0884012539185
42.702721413954244
42.604258085486755
44.27734144075669
43.98297015582727
44.10136058713436
44.62073000776604
45.37374917513171
45.25918012797686
45.607115673183564
20.405869302922977
15.94186240973014
15.839815706489926
15.725966585680434
15.8735656544249
15.855623726519765
15.859280825802548
16.004823230877836
15.955325283972032
15.79924286655994
16.03253673378897
15.943013748617346
15.992740112024952
15.819682271472324
16.041918618215476
15.91808511042039
15.971547269535549
15.989082162067374
15.944286474568539
15.90963195047661
15.797695677229088
15.830250419882622
15.762549183931933
15.891608444599367
15.988046047114432
16.01600720935383
15.755384765639674
15.81246583450517
15.773041110726696
15.962551235162259
15.94125650868458
15.910235449865906
16.008366188689614
15.868701123289433
15.97799660958839
15.97142563391759
15.969662125631087
15.918205934927569
15.973067871097468
15.851369226234118
15.581781707407682
15.853586075255608
15.967655848481964
16.099800782284593
15.929329641824943
15.842926914026055
15.969236509562192
15.758758928001143
15.992130337472785
15.898897316639564
15.829294526570832
42.98235330286323
43.109142299193174
39.81228643025287
43.36318428534505
20.5301223690651
15.8091282240708
16.01154396747533
15.9587249164834
15.957692732052701
16.1290848542181
43.76314938283198
42.994690120343606
43.63839151017011
29.139657352471204
17.82231664825359
16.23364851318453
15.744207084755052
15.805315536998865
15.835868625429942
15.754023670639318
15.946590019085855
15.867200326854254
16.00219756741496
15.922073287855838
15.940408324592207
15.960850422585592
15.8735656544249
15.944589534507992
15.981710383929524
15.825054142362342
15.94113533400225
15.795315977570318
15.782596752648116
15.798290714186168
15.878312947420623
16.07117704984616
15.848075055638052
15.946711276708996
16.147589201841786
16.283816364165776
18.001381980180174
16.013133330024548
15.959392871683454
15.894258170132783
15.939984266392026
15.864679627808458
15.915427435236797
16.050021620421923
15.794780643946526
15.844782253921244
15.76610420511741
15.787408628620039
15.980553449438588
15.939499656075306
15.836526335661695
15.871763628520181
16.080665876877188
15.844722397464423
15.056390963948408
15.970452615666968
16.622559704509246
18.081156696311176
19.53746972237749
20.357833120580114
31.86749432064247
15.95295853824591
15.84508154298904
16.059178031840354
15.936229307010445
15.942468356836065
15.86281962550726
15.802338154568368
15.717539487736786
15.805315536998865
15.943983426149432
15.911985857037717
15.908183738721142
16.000427257502757
15.956964211663642
15.892391226095885
15.93047917109781
15.94871229376357
16.012155223424763
15.897210040971956
15.936350407118784
16.007633034245607
15.890283913106071
15.853466229726308
15.932778727445394
16.03314959365754
15.758403684959967
15.928180278438134
15.838499794197503
15.891668655822924
15.853166623830186
15.829533489075999
15.715537170883776
15.835509897420215
15.919051757838446
15.66898035728962
16.195474554019615
16.013683567501527
15.848973330008086
15.940347743467933
16.11848572537536
15.880657594826477
16.446058172635805
15.927756870578317
16.073702202021906
15.871223100529381
15.979214050326686
15.926486782050016
15.881559566677648
15.843226133006972
15.925761108115703
15.78847833288162
15.86161985546324
15.878733730588387
15.923282221049554
15.903237670575834
15.976292504180426
15.892692316436415
15.919958096423773
15.89998218299955
15.922979970540446
15.904262822214301
15.904021598173863
15.954718359149144
15.873205216509358
15.87386603185897
15.926426306696284
15.95526458941186
15.831385693148533
16.05346173130581
15.840653219075387
16.0596084557627
15.902936180538704
15.993532888465205
15.879815846862128
14.969712976379975
16.15822665336297
16.30952408727335
16.487368069340985
15.925761108115703
15.961275591749752
16.01820917638612
15.918024698854623
15.948348435129452
16.006472343705873
15.931991962410214
15.910235449865906
15.839456799634442
15.827502537726273
15.939923688490948
15.815268131188585
15.927152041254182
15.828398481429208
16.050083038044434
15.850949892104955
15.918205934927569
15.972824555390533
15.987680391543991
15.986339797536285
15.969175709118598
15.882942789197049
15.908606106580693
15.9778748757176
15.904081903497962
15.866239966106054
15.9824411657115
16.603411488537983
16.025247295887763
15.92104583896388
15.892511660863075
15.834672928598126
15.735760431595297
15.786041995205064
15.775117439756883
16.0580713334048
16.00286916675887
15.803648064626735
15.949803969289155
15.976292504180426
15.8356892593935
15.943437968024206
15.993045016739242
15.816938056701536
15.840413920728137
15.711534067284244
15.757338051927071
15.746453175154393
15.873805955462707
15.75011922509322
15.868821199269043
15.759291822594948
15.7484042473304
15.899801361658252
15.977570549155848
15.80793656177802
16.047688099018615
15.908002730789653
15.843884454551292
15.908907811640653
16.004823230877836
15.840952352176934
15.787289781538416
15.880056337174963
15.927575416957803
15.802576303881787
15.755325582705709
15.717657286970729
15.20733263719689
15.432660855615367
17.184206752731697
15.962551235162259
15.848733780219614
15.798290714186168
15.926547257863021
15.716126034644914
15.685328885614597
16.01264426178814
16.00018310756425
15.831206428649613
15.998169154836102
15.90528810602757
15.821830582128738
16.221468489548084
15.971851366686215
15.924975035974773
15.995484673058295
15.950046584146179
15.977144511444886
15.99670478035683
15.824934727818777
16.20041637537128
15.76112762431562
15.751183881931015
15.719129926394531
15.890645127070483
15.873926108709968
15.93968138149094
15.992862072515548
15.976779354347205
15.830429662731362
15.623222307480276
15.891247186839333
16.504170995057763
15.969175709118598
15.865579785523803
15.985304037959487
16.00128184096779
15.900584950508563
15.919353859233619
15.943680389250009
15.881258898009875
15.871823689458529
15.877892186553604
15.959878692404576
15.977448821777124
16.035601501747195
15.825292976856149
15.929692633146095
15.923463576862918
15.877110832674044
15.857961677479848
16.020656516657372
15.894258170132783
15.430503386444656
16.32711022530869
16.170872947943895
15.714595080646673
15.854125402561273
15.917843466908542
16.00109870825481
16.029901970151535
15.94186240973014
15.861979767419873
15.976049090223473
15.90577063827044
15.949622012989977
15.71388858708887
16.268847066854917
15.546147659165966
16.382848080994304
15.879515244214089
15.878553392214243
15.940044844753544
15.84173015111628
15.860480242011722
15.97848356362168
15.934594635665983
15.764919019894533
15.8893809500358
15.746098486697125
15.850171187580775
16.024206488683774
15.787408628620039
15.942468356836065
16.231638177575338
15.949258112845941
15.863119596378297
15.845261121856867
16.009221620424974
15.952533812052152
15.879755725422047
15.819682271472324
15.860060425702477
15.806685509704165
15.777253662848652
15.850650381310135
15.924975035974773
15.984877587731333
15.841849819270966
16.021819265280552
15.999267611651078
15.897933115261138
15.853106704009857
15.888538277086024
15.871163044136344
16.010688287545474
15.908787128243446
15.898716519972405
15.952351793463585
15.760120841380658
15.813956294207248
15.829055571280309
15.73517009558967
15.811571693532578
16.06748313496244
15.894378633197668
15.775117439756883
15.946286883095652
16.005067522447064
15.791331586398
15.960971897178302
15.937016490614788
15.880537339653788
15.903900988897652
15.82135312933792
15.857781810620239
15.878914073058912
15.840593393810758
15.855443912691753
15.72443371398151
15.991581580131308
15.824039176183415
15.73369444934185
15.832700423533675
16.032291602960065
16.11173682229205
16.034498050309658
15.938772795847251
15.755976619434719
16.43516729819007
15.996582761250954
16.25151208700942
15.969054109620334
15.8661199291864
15.860060425702477
15.973737027515948
15.804839080416459
15.91415931218176
16.31434539252333
15.75378698247077
15.967108769472066
16.035417582627645
15.839038095525815
15.852687277949958
16.129829176184654
16.024757487420676
15.936471509067628
15.90221265108661
15.897752340522306
15.919474703002239
15.929027161694112
15.908907811640653
15.931931445241279
15.84101218015296
15.82571095456758
15.989508836670275
15.78538847155524
15.965589302231747
15.89076553537466
15.848134937428208
15.846997260791536
15.880236709689877
15.608106398338828
16.06391396432798
16.03118860698533
15.928422235893697
15.647527131233469
16.118176018937675
15.95192709957632
15.745566483970268
16.092511807609817
15.855264102942122
15.892270793154012
15.924068126077284
15.978118345314149
15.887876239611506
15.874707149156173
15.932234035683491
15.776185478987298
15.77879685048849
15.750651535520891
15.826546976231713
15.835270754442728
15.90709775291552
15.748167727982699
15.902152359937366
15.921650204605328
15.898475464145736
15.910899352078054
15.786754991813615
16.076043295618312
16.03314959365754
15.862999606668483
15.807519522416861
16.047688099018615
15.732337099218316
15.768652956878078
15.870262252778229
15.7985287415203
15.889802320030913
15.931205275072548
15.673547480605672
16.19710064335751
15.82141280936089
15.92443087764059
15.929208648394091
15.298075660534263
16.298243228015092
16.151382240928502
16.129953236524734
15.787468052831866
15.905408736343539
15.990788997121562
15.86822083754223
15.939620805891987
15.921589765976426
16.131442109473554
16.016068366930018
16.048240713815638
15.892692316436415
15.83604799552968
15.982562969172731
15.848973330008086
15.790320941176471
15.788894368132386
15.890283913106071
15.65412635853338
15.966014723907698
16.00012207124383
15.679523891410158
16.06655992155
15.941559453450143
15.975866534623295
15.923040419724309
15.909269872818513
15.82708446537463
15.99334993307989
15.994386735612197
15.799183353674156
16.0516800612323
15.888658653463697
15.662251630899524
15.895764089698064
15.773456332805583
15.872664590326474
15.959028525552
16.03885143532345
15.86161985546324
15.967473484646602
15.81055845600015
15.689318645145605
15.92243594853865
15.756154184244236
15.867020250358438
15.88186024673033
16.005922601670694
15.87428657936568
15.952594485838059
15.963523290820307
15.891186978809497
15.960121613856979
15.89263209745562
15.869781872528803
15.887695693511668
16.006289092164966
15.863839572758836
16.283437054751708
15.69947821920782
15.91071828234357
16.029166841825678
15.815745216781425
15.90721841068293
15.736527934627231
16.101531338894628
16.07327102230704
16.00604476330401
15.949197464436324
15.881980521939324
15.979396682439177
15.917722647903787
15.91283101904545
15.923705391040244
15.91989767064066
15.882160938168571
16.013377875345995
15.942771347663303
15.880537339653788
16.011116116077904
15.857362137148302
15.884687195840135
15.993227965148424
15.901730334693134
15.91138222485243
15.921287579714546
15.906192878000683
15.777669106749224
15.821890265753787
15.725259069300101
15.687264838987172
15.951563094242033
15.763852505534237
15.79156940407524
15.804183999517695
15.76610420511741
15.884627037508332
15.920743673348541
15.938106565537577
