33.061941322066495
40.7768228660315
41.14119805000539
42.99865703008868
43.22019681591014
43.75584464358367
44.05781512605042
42.361572334666505
44.218525312585655
44.31710744587556
44.1668404148897
43.498096966554314
43.61615573395449
43.66519530274007
43.7116118139942
45.11605193240612
45.573418519242885
46.039142509028245
25.36238246409675
15.9878632172385
15.973372026155738
15.92884567912956
15.881319030832667
16.103509573483734
15.937137602687155
15.945074454375074
16.067914004198656
15.679465277024931
16.02647194806485
16.075427152241733
15.953383287056408
15.886492157701966
16.10338591958105
15.883484115773648
16.04713552227842
15.897812598311786
15.976779354347205
15.846159077256704
16.061207375213005
16.229251550644054
15.8499316015811
15.965953947994503
15.964009363046415
15.910959709572058
15.94125650868458
15.949015521974887
16.016251842460992
15.697950506759286
15.888116974127808
15.669799901370354
15.914098930410269
15.898716519972405
15.897872856558061
15.978361822330752
16.008427287924704
15.848194819670892
16.031801363789256
15.86852101272719
15.852986865728054
15.105572882527929
16.504495712841017
15.972581247096278
15.9259425203996
15.376592905430176
16.368846029261974
16.383360024999025
15.90528810602757
15.842807229598293
16.034988454421725
42.58868445635839
43.12997696610727
43.07151365783528
43.00042033606381
30.879069425016564
16.143238728648516
16.088746365526394
16.185849791999505
15.933868222708485
15.954293539245706
15.931991962410214
15.974406240002438
15.933868222708485
15.892451443251312
15.944044034911656
15.953686692911889
15.933868222708485
15.893113862080202
15.965163903226298
15.857062383982276
15.817534544138056
15.675011865654628
15.884807513870742
15.926123936816525
15.979092297904277
15.948530362371192
15.784735002013406
15.975683983195134
15.92400766909015
15.927998815170376
15.79299646057685
16.013377875345995
15.899500001895369
15.929753133308013
15.961883015564943
15.928240767112884
15.941195921113142
15.926365831801819
15.87242432384362
16.056718909110398
15.068290983032337
16.94545043188778
15.986217936501887
15.87861350455048
16.016435322195704
15.972520421180906
15.932778727445394
15.939257361966687
15.912166955624434
16.05143434467134
15.846877514857733
15.996582761250954
15.823680983909608
15.963401777388723
15.942104783044972
15.702652110756699
16.049714539359893
15.722134966657546
15.827621991026382
16.02892181403365
16.01564027370479
16.023716743837774
15.892391226095885
15.78455679243721
44.78605902703626
44.23204851041392
44.87038384184176
45.387497159429074
45.12187617664461
45.41403466981387
21.051938404705975
16.00928272619011
15.916272962891284
15.906494491533458
15.773574971700633
16.061822429011812
15.974588762230491
15.922919521815553
15.839875525880496
16.0153956592794
15.897270294650506
15.952594485838059
15.950774473004682
15.976779354347205
15.950349863097049
15.819622604504154
15.89986163498171
15.82535268660602
15.830250419882622
16.003601884884674
15.703122426057657
16.181853255040547
15.840952352176934
16.002258619571396
16.025614671888434
15.806328102624398
15.957267753741736
15.85292694726657
15.816162690287378
15.816699474323295
15.82081602939124
15.970756671134398
15.886191302239965
15.809366578089369
15.703298801558985
15.805434655633057
15.91470276874509
15.857661901647278
15.964191647762739
15.981893073109765
15.78996427374817
16.030330826148106
15.857062383982276
16.01197184173958
15.932536637619942
15.689201270306766
15.525201639022656
15.421596023178516
17.14220789040245
15.884807513870742
15.977814009477806
15.891126771235887
15.94361978325243
15.884627037508332
15.856522856840417
15.92533782885869
15.989508836670275
15.837064502852655
44.08791717033689
44.29511036012251
44.86174513872548
45.505185956689665
43.107813110238645
15.85460483541739
15.790261495486135
16.116194179532304
15.791628859613784
15.94871229376357
15.96443470052678
15.867200326854254
15.946590019085855
15.898776785071243
15.464411204064552
16.17991814187456
16.026839380218185
15.383247632530606
16.707445706728702
16.044925595807353
15.923584483033538
15.765037530398308
16.168254849353932
15.920260232220059
15.897872856558061
16.017597458144934
15.911804762573171
15.908364750771845
15.931689381162922
15.868881237940297
15.953383287056408
15.899198653556022
15.967108769472066
15.984999428331873
15.90963195047661
15.760772274474585
15.839456799634442
16.071484952754638
15.860660170090794
15.91331400907532
15.997070848843595
15.91808511042039
15.874887400174105
15.93241559546601
15.941741225836367
16.00549505063842
15.877170934088397
15.95241246586492
15.865219710180012
15.897029282676753
15.992313264955962
16.010504939459178
15.922194172914491
15.853286464829724
15.903659775833043
15.90534842095683
15.977205372583976
15.93665316544193
15.778321991370328
15.784378586884937
15.786279653585153
15.729859064077466
15.824516791108126
15.92521689606075
44.33865767413343
44.19522886285088
32.98757353635134
15.962915742160888
15.763911752546322
16.043514016975667
16.08319401199442
15.819443606300164
15.959939422074413
15.90070550949462
15.896788278010657
16.042102686494093
15.835151185662562
15.722901141083504
15.931326298836954
15.784853810633118
15.775117439756883
15.872184064634538
15.980979668973085
15.870742662110874
15.984451160255945
15.973676192797514
15.883784868705076
15.907037424718215
15.844722397464423
15.957267753741736
15.855024362953191
15.86149988844055
16.012399738872496
15.985608659196584
15.934170886725147
15.827502537726273
15.834493589646788
15.992679132477198
15.825054142362342
16.00012207124383
15.871703568036388
15.913072510395484
16.13193846153846
16.012460868901275
15.850290983296803
15.907882061123711
16.041243737331243
16.00653342848529
15.973615358542446
15.921771083239697
15.872003875000946
15.984512077073758
15.95933214617293
15.90130833184846
15.969175709118598
15.85250753071815
15.929632133443727
15.9467719062121
15.958907080538317
15.607757914948722
16.188223669991046
15.999877930618815
15.949197464436324
15.796267771396291
15.79466168584684
15.751006429129363
15.76349703281381
15.984512077073758
42.94230749541838
43.32734879396725
43.92217312082435
43.333168030415735
44.55815831128959
20.073338470153004
15.698009259432533
16.05241725605462
15.986644458250591
15.862879618773874
16.01044382436358
15.993654861047558
15.9069770969785
15.902755292003322
15.928180278438134
15.962794237978345
15.841969489233605
15.836167577853626
15.77820328105662
15.83036991466411
15.901187763721078
15.880717723095795
15.994020789957368
15.922496393591983
15.760002404785523
16.038238139485085
15.96315875607519
15.86149988844055
15.984390243902439
15.884927833724053
15.791391040145779
15.69853805328283
15.868821199269043
15.871823689458529
15.917118580390044
15.964860060672729
16.021207271282712
15.983050201583708
16.007388664353893
15.899439731313636
15.76711175267653
15.794483252057013
16.06920675056989
15.96315875607519
15.88715407983152
16.013316738315403
16.036214595950327
15.961154112534343
15.7909748733124
16.051802922333888
15.956114355277423
15.837602706621556
15.941741225836367
15.77120253283549
15.722783263234446
16.032659302014448
15.651556086275095
16.054321989458657
16.0153956592794
15.93489732727998
15.90004245769394
15.947438861175325
15.939257361966687
15.902514113690565
42.541168833803276
44.52410220481301
17.83186374960674
15.987253814517082
16.09454958481067
15.831564961707299
15.937016490614788
15.869901964864752
15.94361978325243
15.999511733650706
15.849093107617897
15.867020250358438
16.022247688899075
15.889079985150053
15.890946151252354
15.955325283972032
15.842208834582916
15.936895380383158
15.94555940373861
15.872364258359445
15.955871555793951
16.06071536608808
16.06459075414608
15.677882854259336
16.118361841372074
15.908304412963911
15.81222738702466
15.896969030825149
15.896246044228837
15.899500001895369
15.955568066830496
15.922919521815553
15.805077305116871
15.932718204299318
15.817594195356135
15.917058176160298
15.946590019085855
15.932899775117
16.062745098039215
15.995667677287722
15.8109756557272
15.924068126077284
15.876149271922753
15.959089248751978
15.822487126770659
16.368462748250685
16.02622700265556
15.80186187747475
16.23402550655081
16.02647194806485
15.566052580793611
16.292861804282296
15.911201144127432
15.720072560454552
15.944347085634782
15.865519771831476
15.428970814358129
15.689494710696811
16.26033254893447
15.914280077099365
16.205674279510234
15.851668764196116
15.768000872177172
15.84101218015296
43.7344010677344
44.31617095461989
17.69681320118645
15.774524147112915
15.88637181414974
16.029718181748695
15.864559614497205
15.830071181092853
15.97976195918865
15.946711276708996
15.881499432033321
16.01582373942761
15.878914073058912
15.968628525959515
15.901067197422046
15.951441762822219
15.819980613064683
16.079987731942953
15.885108316921679
15.809485757793919
15.985121270789822
15.832043031046522
15.954536290706034
16.012338609310458
15.897029282676753
15.820457983018946
16.081590712155023
16.015579119397913
15.859880511230433
16.0782001694337
15.953868741964687
15.90070550949462
15.95380805848545
15.8462189445687
15.723254785236056
15.988350772866754
15.953079892741
15.999572765314648
15.949803969289155
15.983050201583708
15.94131709671657
15.972337946214365
15.895221925782197
15.809962494581503
16.03370120760112
15.994081779736959
15.80656637221502
16.013744707333185
15.939620805891987
15.89986163498171
15.892210577367555
15.64186674423635
15.86816080386801
16.122079190033787
15.93411035300196
15.912891391195808
15.410603666825882
16.54140177627739
15.878433168907177
16.047626699723757
15.731865032331628
15.951017117387783
16.026716900961762
15.78622023831927
43.24113899255655
44.05133698825803
43.99450370789935
44.607442543099324
44.753086288025095
44.207339952359874
44.30914853158673
44.51795873312388
20.853903981544093
15.851668764196116
15.975866534623295
15.78800289086967
16.050144456136994
15.818190732283139
15.97118236823968
15.869301521359954
16.035785425085734
15.91047686244163
14.807362898841339
16.54231512522185
16.650076019514984
15.987680391543991
15.96109337362006
15.892210577367555
15.879515244214089
16.122574966077394
15.676242160578267
16.00653342848529
15.836287161983583
15.921529327806374
15.805970711707026
15.976779354347205
15.886973550144123
16.06003890275842
15.874947484756387
15.93580547112462
15.756213373403456
15.705239193601534
15.982014868216995
15.591744483435438
15.887515151515151
15.820696678799766
15.912951763804262
15.912046222775263
15.95459697972536
15.235504798436603
16.55818433758246
15.965953947994503
15.647235258567303
16.051311489211884
16.064160063118305
15.878974188126083
16.005128596504616
15.896547280651886
15.894378633197668
15.929511135417616
15.921287579714546
15.804422204470436
15.930539677234348
16.049346057595912
15.722370704681508
15.945013837778657
15.969722929778671
15.771143231007565
45.71299031094351
46.13891272303258
46.20906046183677
46.41513860454822
46.77958086570527
47.10954365235362
21.754575961742937
15.900283561041443
16.143549398990814
15.966014723907698
15.872003875000946
15.87542817778888
15.669916986094611
15.86900131664573
15.612056964616725
15.903358269791497
15.971729726436362
15.956296459739331
15.917360201893702
33.293675930115334
37.08327660138809
41.32889265514455
43.24336807810873
40.03268048715306
42.81518532507171
43.10426900704992
42.971784521443354
41.0884012539185
42.702721413954244
42.604258085486755
44.27734144075669
43.98297015582727
44.10136058713436
44.62073000776604
45.37374917513171
45.25918012797686
45.607115673183564
20.405869302922977
15.94186240973014
15.839815706489926
15.725966585680434
15.8735656544249
15.855623726519765
15.859280825802548
16.004823230877836
15.955325283972032
15.79924286655994
16.03253673378897
15.943013748617346
15.992740112024952
15.819682271472324
16.041918618215476
15.91808511042039
15.971547269535549
15.989082162067374
15.944286474568539
15.90963195047661
15.797695677229088
15.830250419882622
15.762549183931933
15.891608444599367
15.988046047114432
16.01600720935383
15.755384765639674
15.81246583450517
15.773041110726696
15.962551235162259
15.94125650868458
15.910235449865906
16.008366188689614
15.868701123289433
15.97799660958839
15.97142563391759
15.969662125631087
15.918205934927569
15.973067871097468
15.851369226234118
15.581781707407682
15.853586075255608
15.967655848481964
16.099800782284593
15.929329641824943
15.842926914026055
15.969236509562192
15.758758928001143
15.992130337472785
15.898897316639564
15.829294526570832
42.98235330286323
43.109142299193174
39.81228643025287
43.36318428534505
20.5301223690651
15.8091282240708
16.01154396747533
15.9587249164834
15.957692732052701
16.1290848542181
43.76314938283198
42.994690120343606
43.63839151017011
29.139657352471204
17.82231664825359
16.23364851318453
15.744207084755052
15.805315536998865
15.835868625429942
15.754023670639318
15.946590019085855
15.867200326854254
16.00219756741496
15.922073287855838
15.940408324592207
15.960850422585592
15.8735656544249
15.944589534507992
15.981710383929524
15.825054142362342
15.94113533400225
15.795315977570318
15.782596752648116
15.798290714186168
15.878312947420623
16.07117704984616
15.848075055638052
15.946711276708996
16.147589201841786
16.283816364165776
18.001381980180174
16.013133330024548
15.959392871683454
15.894258170132783
15.939984266392026
15.864679627808458
15.915427435236797
16.050021620421923
15.794780643946526
15.844782253921244
15.76610420511741
15.787408628620039
15.980553449438588
15.939499656075306
15.836526335661695
15.871763628520181
16.080665876877188
15.844722397464423
15.056390963948408
15.970452615666968
16.622559704509246
18.081156696311176
19.53746972237749
20.357833120580114
31.86749432064247
15.95295853824591
15.84508154298904
16.059178031840354
15.936229307010445
15.942468356836065
15.86281962550726
15.802338154568368
15.717539487736786
15.805315536998865
15.943983426149432
15.911985857037717
15.908183738721142
16.000427257502757
15.956964211663642
15.892391226095885
15.93047917109781
15.94871229376357
16.012155223424763
15.897210040971956
15.936350407118784
16.007633034245607
15.890283913106071
15.853466229726308
15.932778727445394
16.03314959365754
15.758403684959967
15.928180278438134
15.838499794197503
15.891668655822924
15.853166623830186
15.829533489075999
15.715537170883776
15.835509897420215
15.919051757838446
15.66898035728962
16.195474554019615
16.013683567501527
15.848973330008086
15.940347743467933
16.11848572537536
15.880657594826477
16.446058172635805
15.927756870578317
16.073702202021906
15.871223100529381
15.979214050326686
15.926486782050016
15.881559566677648
15.843226133006972
15.925761108115703
15.78847833288162
15.86161985546324
15.878733730588387
15.923282221049554
15.903237670575834
15.976292504180426
15.892692316436415
15.919958096423773
15.89998218299955
15.922979970540446
15.904262822214301
15.904021598173863
15.954718359149144
15.873205216509358
15.87386603185897
15.926426306696284
15.95526458941186
15.831385693148533
16.05346173130581
15.840653219075387
16.0596084557627
15.902936180538704
15.993532888465205
15.879815846862128
14.969712976379975
16.15822665336297
16.30952408727335
16.487368069340985
15.925761108115703
15.961275591749752
16.01820917638612
15.918024698854623
15.948348435129452
16.006472343705873
15.931991962410214
15.910235449865906
15.839456799634442
15.827502537726273
15.939923688490948
15.815268131188585
15.927152041254182
15.828398481429208
16.050083038044434
15.850949892104955
15.918205934927569
15.972824555390533
15.987680391543991
15.986339797536285
15.969175709118598
15.882942789197049
15.908606106580693
15.9778748757176
15.904081903497962
15.866239966106054
15.9824411657115
16.603411488537983
16.025247295887763
15.92104583896388
15.892511660863075
15.834672928598126
15.735760431595297
15.786041995205064
15.775117439756883
16.0580713334048
16.00286916675887
15.803648064626735
15.949803969289155
15.976292504180426
15.8356892593935
15.943437968024206
15.993045016739242
15.816938056701536
15.840413920728137
15.711534067284244
15.757338051927071
15.746453175154393
15.873805955462707
15.75011922509322
15.868821199269043
15.759291822594948
15.7484042473304
15.899801361658252
15.977570549155848
15.80793656177802
16.047688099018615
15.908002730789653
15.843884454551292
15.908907811640653
16.004823230877836
15.840952352176934
15.787289781538416
15.880056337174963
15.927575416957803
15.802576303881787
15.755325582705709
15.717657286970729
15.20733263719689
15.432660855615367
17.184206752731697
15.962551235162259
15.848733780219614
15.798290714186168
15.926547257863021
15.716126034644914
15.685328885614597
16.01264426178814
16.00018310756425
15.831206428649613
15.998169154836102
15.90528810602757
15.821830582128738
16.221468489548084
15.971851366686215
15.924975035974773
15.995484673058295
15.950046584146179
15.977144511444886
15.99670478035683
15.824934727818777
16.20041637537128
15.76112762431562
15.751183881931015
15.719129926394531
15.890645127070483
15.873926108709968
15.93968138149094
15.992862072515548
15.976779354347205
15.830429662731362
15.623222307480276
15.891247186839333
16.504170995057763
15.969175709118598
15.865579785523803
15.985304037959487
16.00128184096779
15.900584950508563
15.919353859233619
15.943680389250009
15.881258898009875
15.871823689458529
15.877892186553604
15.959878692404576
15.977448821777124
16.035601501747195
15.825292976856149
15.929692633146095
15.923463576862918
15.877110832674044
15.857961677479848
16.020656516657372
15.894258170132783
15.430503386444656
16.32711022530869
16.170872947943895
15.714595080646673
15.854125402561273
15.917843466908542
16.00109870825481
16.029901970151535
15.94186240973014
15.861979767419873
15.976049090223473
15.90577063827044
15.949622012989977
15.71388858708887
16.268847066854917
15.546147659165966
16.382848080994304
15.879515244214089
15.878553392214243
15.940044844753544
15.84173015111628
15.860480242011722
15.97848356362168
15.934594635665983
15.764919019894533
15.8893809500358
15.746098486697125
15.850171187580775
16.024206488683774
15.787408628620039
15.942468356836065
16.231638177575338
15.949258112845941
15.863119596378297
15.845261121856867
16.009221620424974
15.952533812052152
15.879755725422047
15.819682271472324
15.860060425702477
15.806685509704165
15.777253662848652
15.850650381310135
15.924975035974773
15.984877587731333
15.841849819270966
16.021819265280552
15.999267611651078
15.897933115261138
15.853106704009857
15.888538277086024
15.871163044136344
16.010688287545474
15.908787128243446
15.898716519972405
15.952351793463585
15.760120841380658
15.813956294207248
15.829055571280309
15.73517009558967
15.811571693532578
16.06748313496244
15.894378633197668
15.775117439756883
15.946286883095652
16.005067522447064
15.791331586398
15.960971897178302
15.937016490614788
15.880537339653788
15.903900988897652
15.82135312933792
15.857781810620239
15.878914073058912
15.840593393810758
15.855443912691753
15.72443371398151
15.991581580131308
15.824039176183415
15.73369444934185
15.832700423533675
16.032291602960065
16.11173682229205
16.034498050309658
15.938772795847251
15.755976619434719
16.43516729819007
15.996582761250954
16.25151208700942
15.969054109620334
15.8661199291864
15.860060425702477
15.973737027515948
15.804839080416459
15.91415931218176
16.31434539252333
15.75378698247077
15.967108769472066
16.035417582627645
15.839038095525815
15.852687277949958
16.129829176184654
16.024757487420676
15.936471509067628
15.90221265108661
15.897752340522306
15.919474703002239
15.929027161694112
15.908907811640653
15.931931445241279
15.84101218015296
15.82571095456758
15.989508836670275
15.78538847155524
15.965589302231747
15.89076553537466
15.848134937428208
15.846997260791536
15.880236709689877
15.608106398338828
16.06391396432798
16.03118860698533
15.928422235893697
15.647527131233469
16.118176018937675
15.95192709957632
15.745566483970268
16.092511807609817
15.855264102942122
15.892270793154012
15.924068126077284
15.978118345314149
15.887876239611506
15.874707149156173
15.932234035683491
15.776185478987298
15.77879685048849
15.750651535520891
15.826546976231713
15.835270754442728
15.90709775291552
15.748167727982699
15.902152359937366
15.921650204605328
15.898475464145736
15.910899352078054
15.786754991813615
16.076043295618312
16.03314959365754
15.862999606668483
15.807519522416861
16.047688099018615
15.732337099218316
15.768652956878078
15.870262252778229
15.7985287415203
15.889802320030913
15.931205275072548
15.673547480605672
16.19710064335751
15.82141280936089
15.92443087764059
15.929208648394091
15.298075660534263
16.298243228015092
16.151382240928502
16.129953236524734
15.787468052831866
15.905408736343539
15.990788997121562
15.86822083754223
15.939620805891987
15.921589765976426
16.131442109473554
16.016068366930018
16.048240713815638
15.892692316436415
15.83604799552968
15.982562969172731
15.848973330008086
15.790320941176471
15.788894368132386
15.890283913106071
15.65412635853338
15.966014723907698
16.00012207124383
15.679523891410158
16.06655992155
15.941559453450143
15.975866534623295
15.923040419724309
15.909269872818513
15.82708446537463
15.99334993307989
15.994386735612197
15.799183353674156
16.0516800612323
15.888658653463697
15.662251630899524
15.895764089698064
15.773456332805583
15.872664590326474
15.959028525552
16.03885143532345
15.86161985546324
15.967473484646602
15.81055845600015
15.689318645145605
15.92243594853865
15.756154184244236
15.867020250358438
15.88186024673033
16.005922601670694
15.87428657936568
15.952594485838059
15.963523290820307
15.891186978809497
15.960121613856979
15.89263209745562
15.869781872528803
15.887695693511668
16.006289092164966
15.863839572758836
16.283437054751708
15.69947821920782
15.91071828234357
16.029166841825678
15.815745216781425
15.90721841068293
15.736527934627231
16.101531338894628
16.07327102230704
16.00604476330401
15.949197464436324
15.881980521939324
15.979396682439177
15.917722647903787
15.91283101904545
15.923705391040244
15.91989767064066
15.882160938168571
16.013377875345995
15.942771347663303
15.880537339653788
16.011116116077904
15.857362137148302
15.884687195840135
15.993227965148424
15.901730334693134
15.91138222485243
15.921287579714546
15.906192878000683
15.777669106749224
15.821890265753787
15.725259069300101
15.687264838987172
15.951563094242033
15.763852505534237
15.79156940407524
15.804183999517695
15.76610420511741
15.884627037508332
15.920743673348541
15.938106565537577
33.34263955355581
36.938598654313594
41.500643144084066
43.19438122406105
43.33137732964172
43.27058143853423
42.62027618863745
43.0083570029634
42.048160401002505
42.657554030002544
45.37080426199362
44.65731138604374
44.65778686342777
44.92902285922403
45.38111313078854
45.3678597311008
45.402236390599796
45.37129505430315
45.58282888659458
22.932977571708204
15.979701078570693
15.833238330722335
15.91071828234357
16.005922601670694
15.942407760052605
15.803886253424116
15.8134793165332
15.845320982384031
15.853346386008942
15.986339797536285
15.970999923844337
15.757989254987415
15.76728956855492
16.25075649266367
16.109199706568038
15.47131338020376
16.46568523534723
15.772863165099146
16.25686622584321
15.915548219401597
15.73286820833099
15.793531673262518
15.807340797998032
15.756923678002014
15.906856442871826
15.964616994956703
15.868040737882296
15.891186978809497
16.00347976053753
15.125346642481329
16.578538791127134
15.877110832674044
15.942710748576511
16.157728682319856
16.004884303071005
15.835868625429942
15.951199105519764
15.917239390224928
16.106601538349288
16.064959936265723
15.701065004585697
15.823979476344979
15.965771623031069
15.91482354191093
15.851668764196116
15.92443087764059
16.01808682900003
15.842508026440038
15.999328641452577
43.33943664882515
43.31392574998709
43.06930225394054
43.32734879396725
43.37888095976833
20.924126852678683
16.049653124557558
16.12666628217698
15.888116974127808
15.887515151515151
15.981405911243709
15.948894229306726
15.756390943549325
15.871042932713774
15.828936096340437
15.767171024190365
15.64151675169307
16.419147237054318
15.94768140408511
15.86816080386801
15.882221077822544
15.614614279225952
15.989508836670275
15.943256156942644
15.965953947994503
15.915850187834403
15.828338748693332
15.954475602148412
15.925458763493323
15.869781872528803
16.059116544592023
15.817057350589797
15.915487827090036
15.788537765146526
15.831445448883688
15.921771083239697
15.983111107723849
15.832819955305913
15.953140570680906
15.90957160305575
15.943134951858568
15.883002934772318
15.883905173066728
15.739244315857809
15.771617658118373
16.040078167724072
15.803469427740351
16.219022134228396
15.820099952852429
15.88540913136516
15.786695572969595
15.524799384086938
16.374533472836017
15.943013748617346
15.891668655822924
15.795851347483543
16.075365540501696
15.694661058807682
15.750592388140971
15.791450494341243
15.454268775723008
16.319931518842047
15.994447728182736
15.96498159630632
42.138986286230974
42.076000160507206
42.512710318264745
43.43368403611962
43.5197609388132
16.922000637454058
15.935744924981288
16.00006103538908
15.861919780959512
15.90329796995503
15.73918525412026
15.994813693374875
15.846039343989784
15.80585158499269
15.93568437929803
15.729564111891573
15.758522097527436
15.871283157376926
15.766459795434297
15.970939109972166
15.96832455151829
15.968689322236521
15.950349863097049
15.909390563540018
15.891367604267701
15.952533812052152
15.96625783218753
15.881679837332495
15.886251472420755
15.93937850810022
15.940105423575508
15.8661199291864
16.157666438097586
15.876269460647194
15.810916054418179
15.78865663101866
15.766993210985722
16.033394750724394
15.750178368919498
15.757042068328161
15.719129926394531
16.173242434525093
15.751243033753436
15.883664566165779
15.980066369236983
15.865519771831476
15.955810857077642
15.988046047114432
15.84538084336348
15.999633797444211
15.76112762431562
15.740661930549457
15.855443912691753
15.79781468103458
15.811810121237711
15.968689322236521
16.041734554160833
15.744384384384384
15.82141280936089
15.151847061968514
16.589161267867453
16.065944504879955
15.96826375801877
15.823322807851481
42.92428925230776
45.30513399367027
45.25673838451412
44.81955931696266
44.73017735072359
45.47854184286427
26.417817192381335
16.039096766792223
15.836765516564343
15.883965325930948
15.665703038044656
15.858801110111237
15.812763903969115
15.847476262624355
15.888297529802603
15.978361822330752
15.857242234521973
15.767585937265045
15.905469052187696
15.797100685094026
15.89853572741711
15.97264207347492
15.72184030406849
15.791331586398
15.905227791555747
15.93744039092156
15.760416940656599
16.107405643711886
15.910838995041974
15.89998218299955
15.962065251724912
15.990667068247063
15.882221077822544
15.992252288663252
15.86636000484203
15.897752340522306
15.937924876028347
15.95411148049814
15.871883750851435
15.974406240002438
15.854365115364843
15.779687288377902
16.043575384803695
15.883905173066728
15.811571693532578
16.2848911701442
15.984085669099294
15.869841918469582
15.896728027985915
15.93495786698276
15.810618054613169
16.10338591958105
15.888297529802603
15.778618774969717
16.0449869744347
15.869301521359954
15.870742662110874
15.964616994956703
15.769838703613189
15.8479552934153
15.871223100529381
15.93241559546601
15.940287162804132
15.812883134901186
41.014472346084645
43.7116118139942
43.964989884802044
28.173894352195173
15.619498752467136
16.305719806087183
15.274231609613985
16.64142199650849
15.970148571776694
15.844482976159446
15.85934079230458
16.03413026691031
15.888839221450272
15.914219694411456
15.770194462408446
15.858501302541184
15.633820876384727
15.991764495060604
15.896065307854983
15.622349439997617
15.929753133308013
15.789250987227218
15.708944910318689
15.958664196055901
15.87512774123222
15.73369444934185
15.766993210985722
15.733163284444277
15.784200385356455
16.040752950535037
15.81443330065606
15.673313204388508
15.717657286970729
15.963462533873276
15.8558035444263
15.948348435129452
15.91071828234357
15.947014428834857
15.854425044698376
15.91452161243322
15.878132618604159
15.904021598173863
16.033210882221397
15.690668582031483
16.089672130518675
15.913072510395484
15.818548676037429
16.028554286391238
15.968567730145436
15.833118792632886
16.02439015071921
15.893294531344731
15.851309320000151
15.974284560834228
15.89100635745732
15.885649791123011
15.958360600849225
15.917662239089184
15.778381347197039
15.781349708024802
15.79335326500335
15.91192549175819
15.95526458941186
15.881198765642452
42.786359138622245
42.81562238418979
43.565868605557
43.74215482807888
43.84274619252198
37.812071219292314
15.955568066830496
15.93507894776834
15.900163008453694
15.736586976423094
15.847655895777287
15.836825312918878
15.699889577211732
15.98707100275961
15.947135692912518
15.815029599185552
15.994203760691583
15.933081350073126
15.911502947625587
15.992008388142217
15.82523326755685
15.943195554170247
15.942225972466115
15.978727051768999
15.56154787964234
15.904323129367778
15.852447615880022
15.718187405375426
16.005678283998154
15.89076553537466
15.864679627808458
15.891789079638842
15.921408452842794
15.881138633730396
16.0191268413595
15.850290983296803
15.947256958834421
15.943559177715606
15.991764495060604
15.997558966222195
15.800552263489205
15.830190673168374
15.743675209825383
15.914340460245489
15.739480567240687
15.797933686632994
16.193661224127347
15.988106991335638
15.639125555103973
15.13342353556674
17.03450516602768
15.700653584984765
15.802278618361566
16.17773389286596
15.8109756557272
16.010749404507422
15.893294531344731
15.937803751990181
15.998779390000152
15.924914572101146
15.787824607497356
16.05125006218739
15.944347085634782
15.9069770969785
44.01943683553205
32.448333217289054
15.774168192946894
16.02035055822712
15.998840416077021
15.842148997567572
15.779687288377902
15.66371390586021
15.85742208914144
16.032475450378996
15.878974188126083
15.822487126770659
15.958299883194016
15.725259069300101
16.13336564388388
15.899801361658252
16.006777772265327
15.904684981893332
15.895402642978144
16.017475120103263
16.00909941029409
15.937500949949083
16.03885143532345
15.751065579618983
15.976779354347205
16.033088305562245
15.743497926167821
15.883063080803108
15.966804852886874
15.938530523835762
15.966014723907698
15.929027161694112
15.826546976231713
15.792758599915658
16.216263029290772
16.166198366538318
15.911985857037717
16.17467693482394
15.580508317174464
15.942589551784954
15.50402543156027
15.989143114187906
15.97775314370174
15.586356052188583
16.043698121868186
16.054321989458657
15.896547280651886
15.838559603649326
16.15679506933744
16.00818289378268
15.87512774123222
16.14392221918578
15.85466476656322
15.734874944196639
16.122079190033787
15.83353718384296
15.854245258056956
15.945923135119928
15.79406692222532
15.863959575176253
16.053338844809836
16.049530296362907
15.481763922057885
15.943316760175767
44.361167225459816
44.42036368257734
44.772195002188276
44.361636417481066
44.535448454538695
44.113420277660914
44.3424076795399
44.14081097862578
44.283886225901135
43.064437964598135
43.923553004995235
44.12920059760537
21.862869176318505
15.904986538242767
15.901971489232636
16.006838859375954
15.780340340039054
16.02285976238683
15.826666415108578
15.93513948885115
15.934170886725147
15.848673893903955
15.86509968869741
15.983172014328176
15.883664566165779
15.869361563665807
16.031801363789256
15.811571693532578
15.728974240702614
15.96899331056565
15.760476161846931
15.888177158896772
15.847057134437081
15.673840335726217
16.13566207586366
15.800552263489205
16.0431458198662
15.920078949366127
15.950653153581412
15.98676632578775
15.752544486257896
15.793650614341283
15.763734012846099
15.7220171002965
15.967169554177469
15.882160938168571
15.630267007024539
15.947620767666013
15.766637596607826
15.370788822721027
16.04793370089646
16.42216871243711
16.03210775975751
16.078878163598585
16.006655599442823
15.905650002464931
15.93889393461499
15.937803751990181
15.848614008040869
16.033333460754818
15.883063080803108
15.879875968757453
16.015701428478696
16.1572929828346
43.88724495134456
44.28809460957711
44.24417979092606
44.59131839976185
44.8229121025915
43.95393240764999
44.34990959364723
44.31523450294251
44.85886631016043
44.74878907500267
44.72206939202013
44.144062980192395
45.17144303361227
45.19967670671911
45.60017395085888
45.08549930130066
45.66918914210429
45.00905696012362
44.148244829219514
45.742902947880424
45.871472942823395
26.579367946110022
15.446756011239886
16.301790579538345
16.107962379074223
15.863599573370449
15.946650647666916
15.961154112534343
15.988106991335638
15.907942395727847
15.757456448480157
16.07160811722151
15.984633912102318
15.88077785182044
16.11489386226107
15.959939422074413
15.748640773782704
16.08165237162258
15.861259959839206
15.855623726519765
15.638250909741693
15.967351911070503
15.800552263489205
15.784735002013406
15.799480922586648
15.851668764196116
15.96838534548071
15.924249499793083
15.806506804143915
15.976535925554892
15.99017937134252
15.914340460245489
15.95605365471381
15.889802320030913
15.896728027985915
15.954779049553611
15.927756870578317
15.663245948166406
15.849871706212896
15.7844379882886
16.021574462070888
15.952533812052152
15.963341021366643
15.735052033703735
45.94835840189302
45.852417080263244
46.05936549421829
46.22994257497768
46.34129202620734
46.44134907101889
46.4917974638645
46.927700328940006
46.82135720744354
46.17548495056917
46.08720112517581
46.02045205178846
45.77335428671206
46.14297344276002
45.83137374885266
45.877493874693734
45.93829337480696
45.94684836667178
46.19938978047518
